0.01099825
0.02496743
0.02189994
0.02296329
0.02097774
0.02492642
0.02396297
0.02289653
0.02294087
0.02396846
0.02094579
0.02193761
0.02193904
0.02393103
0.02085137
0.02595448
0.02789783
0.02792573
0.02885890
0.02892351
0.02792621
0.02792549
0.02590322
0.02595806
0.02470493
0.02492929
0.02396417
0.03494430
0.02293801
0.02293921
0.02188325
0.02293873
0.02094531
0.02097416
0.02197099
0.02304244
0.02085161
0.02484179
0.02395916
0.02393126
0.02275944
0.02389479
0.02181673
0.02096868
0.02184796
0.04288578
0.02296662
0.03291535
0.02290988
0.02496147
0.03190732
0.02097344
0.02094316
0.02293086
0.02193999
0.02196503
0.02196813
0.02396488
0.02296758
0.02396989
0.02092648
0.02094603
0.02196908
0.02194285
0.02094388
0.02393603
0.02293468
0.02293873
0.02293849
0.02293873
0.02293849
0.02094054
0.02094316
0.02091670
0.02293873
0.02194333
0.02384305
0.02496862
0.02394557
0.02293849
0.02296615
0.02094340
0.02094316
0.02493501
0.02892280
0.02593207
0.02593470
0.02789736
0.02895236
0.02593040
0.02692819
0.02695656
0.02691531
0.02595806
0.02493334
0.02496147
0.03393817
0.02994800
0.02995610
0.02596116
0.02729869
0.02590322
0.02493262
0.02590370
0.02493310
0.03387952
0.02895093
0.02792501
0.02683473
0.02683759
0.02593040
0.02689886
0.02194118
0.02296877
0.02094579
0.02191329
0.02194166
0.02294064
0.02393699
0.02293777
0.02293539
0.02293921
0.02094460
0.02094316
0.02094412
0.02296853
0.02097273
0.02593398
0.02396846
0.02396917
0.02296805
0.02492142
0.02293873
0.02291131
0.02196908
0.02194691
0.02097273
0.02194118
0.02097273
0.02494097
0.02390790
0.02392960
0.02297306
0.02293873
0.02293801
0.02194166
0.02297997
0.02194262
0.02098060
0.02297068
0.02094412
0.02293873
0.02595830
0.02291799
0.02396345
0.02595806
0.02393866
0.02194285
0.02393651
0.02091646
0.02194166
0.02194142
0.02191305
0.02484274
0.02395701
0.02390790
0.02390814
0.02390862
0.02493811
0.02693391
0.02692819
0.02792478
0.02793264
0.02493334
0.02595973
0.03390956
0.02693558
0.02894235
0.02792525
0.02792549
0.02692819
0.02194166
0.02194142
0.02196908
0.02185369
0.02492881
0.02493358
0.02393556
0.02493286
0.02396798
0.02191472
0.02194047
0.02296782
0.02194118
0.02197099
0.02492929
0.02392364
0.02493310
0.02501631
0.02293825
0.02201414
0.02293587
0.02191281
0.02297258
0.02493334
0.02194095
0.02291083
0.02488446
0.02392459
0.02493286
0.02297235
0.02184796
0.03490591
0.02191687
0.02194190
0.02285480
0.03587580
0.04085088
0.02296758
0.02293086
0.02193809
0.02193856
0.02195835
0.02493405
0.02393699
0.02393699
0.02393651
0.02391338
0.02197790
0.02191448
0.02194118
0.02193975
0.02196956
0.02197051
0.02601004
0.02284598
0.03194261
0.02595854
0.02992249
0.02695656
0.02892041
0.02563882
0.02796578
0.02596331
0.03587675
0.02991962
0.02992058
0.02784204
0.02792549
0.02692056
0.02690101
0.02695608
0.02596140
0.02197456
0.02390885
0.02490497
0.02390862
0.02296758
0.02390885
0.02393222
0.02194214
0.02396560
0.02291131
0.02296662
0.02192068
0.02197027
0.02393627
0.02393889
0.02390838
0.02393675
0.02394366
0.02393579
0.02396464
0.02194405
0.02191424
0.02196884
0.02293706
0.02493787
0.02194262
0.02296638
0.02393556
0.02396345
0.02393222
0.02393651
0.02390838
0.02197886
0.02194166
0.02193904
0.02294183
0.02194118
0.02191830
0.02590656
0.02296591
0.02393651
0.02291942
0.02396560
0.02190781
0.02194118
0.02390790
0.02197051
