0.01196790
0.04390860
0.02893090
0.02789807
0.02894783
0.02792192
0.02991843
0.02293658
0.02490568
0.02294016
0.02393794
0.02591801
0.02393723
0.02492166
0.02496290
0.02193236
0.02290893
0.02296615
0.02493095
0.02291059
0.02393270
0.02496243
0.02590179
0.02992201
0.02393603
0.02294135
0.02281857
0.02296782
0.02396417
0.02496123
0.02692986
0.02496266
0.02397227
0.02595830
0.02296758
0.02396369
0.02297950
0.02296591
0.02293992
0.02589202
0.02597070
0.02596474
0.02593565
0.02595830
0.02593255
0.02496171
0.02496576
0.02496696
0.02393937
0.02495837
0.02393842
0.02498150
0.02496290
0.02595735
0.02589846
0.02590013
0.02595949
0.02593136
0.02393937
0.02493358
0.02496195
0.02596045
0.02480793
0.02991962
0.03388262
0.03196025
0.03091741
0.02994752
0.02889538
0.03194928
0.02894115
0.02992225
0.03880143
0.04788017
0.03095198
0.02995253
0.02880263
0.02994800
0.03294492
0.03379178
0.05886173
0.03279495
0.03094101
0.03191471
0.03191471
0.03092575
0.03091693
0.03194213
0.03145003
0.03094792
0.03094387
0.03190041
0.03194857
0.03191447
0.03094602
0.03194380
0.03093529
0.03194237
0.03094912
0.03094220
0.03197789
0.03194189
0.03094554
0.03194237
0.03293896
0.03192425
0.03191519
0.03293967
0.03293920
0.03291202
0.03295088
0.03294301
0.03194213
0.03194404
0.03192115
0.03590536
0.03191495
0.03393936
0.03194642
0.03792644
0.03689384
0.03191423
0.03291225
0.03189850
0.03191662
0.03293991
0.03678322
0.03294301
0.03393722
0.03390932
0.03593111
0.03492022
0.03291345
0.03392649
0.03492641
0.03393650
0.03593087
0.03490806
0.03490663
0.03989315
0.03789854
0.03490353
0.03491282
0.03493190
0.03490829
0.03590369
0.04188800
0.03789806
0.03889632
0.03590393
0.03885984
0.03789520
0.03490686
0.03590035
0.03490305
0.03487539
0.03489256
0.04787064
0.04183221
0.03490257
0.03989363
0.03879905
0.03590417
0.03587461
0.03693032
0.03590369
0.03489757
0.03493428
0.03591275
0.03590345
0.03491211
0.03574991
0.03590584
0.03989458
0.03790522
0.03593397
0.03590679
0.03590155
0.03593349
0.03689551
0.03687096
0.03789806
0.03690720
0.03687334
0.03690672
0.03587437
0.03686786
0.03792596
0.03690076
0.03690290
0.03688431
0.03792763
0.03789997
0.03687382
0.03690052
0.03992057
0.03789854
0.04687452
0.03793025
0.03889775
0.03892493
0.03893304
0.03889585
0.04291463
0.04091740
0.04288554
0.03787041
0.03787160
0.03892303
0.03789973
0.03690314
0.03891850
0.03777933
0.03789449
0.05983877
0.03791213
0.03745651
0.04391718
0.04092002
0.03981471
0.03989363
0.03990388
0.03892493
0.03988838
0.03992248
0.03889585
0.03989553
0.03989148
0.04089141
0.04188752
0.04185867
0.04188776
0.04388237
0.04188800
0.04288936
0.04387975
0.04388189
0.04485250
0.04385757
0.04387927
0.04487658
0.04690504
0.04587507
0.04590464
0.04690051
0.04690385
0.04787254
0.04783010
0.05783844
0.04983687
0.05083632
0.05086374
0.05186224
0.05185866
0.05186033
0.05285764
0.05285883
0.05285859
0.05388236
0.05388451
0.05488729
0.05488157
0.05488229
0.05585384
0.05687547
0.05685067
0.05785608
0.05684829
0.05784440
0.05887032
0.05881429
0.05884266
0.05884266
0.06183505
0.06183481
0.06183624
0.06183124
0.06180835
0.06186366
0.06382728
0.06482434
0.06584525
0.06881642
0.07081103
0.07380295
0.07572889
0.07682395
0.07978892
0.08175349
0.09474683
0.09673905
0.10372400
0.11174941
0.12264395
0.14361572
0.16153932
0.18351293
0.20934606
0.23839855
0.27130461
