0.01096869
0.02695704
0.02884054
0.02592659
0.02596307
0.02892351
0.02780294
0.02393579
0.02294016
0.02194190
0.02094483
0.02196789
0.02097392
0.02198505
0.02296805
0.02294064
0.02194548
0.02296710
0.02282119
0.02295589
0.02182078
0.02097368
0.02184963
0.02478099
0.02393770
0.02393723
0.02294016
0.02196717
0.02593350
0.02094531
0.02293992
0.02094483
0.02297568
0.02293873
0.02291012
0.02293873
0.02294040
0.02393603
0.02182245
0.02094936
0.02094364
0.02191424
0.02191257
0.02091169
0.02293730
0.02290821
0.02296829
0.02393770
0.02393579
0.02291155
0.02094388
0.02091622
0.02094388
0.07278109
0.02097559
0.02197027
0.02393627
0.02396369
0.02396345
0.02294636
0.02293849
0.02396393
0.02692795
0.02692819
0.02689958
0.02493382
0.02496052
0.02789712
0.02796102
0.02697730
0.02994871
0.02692699
0.02675748
0.02692795
0.02792501
0.02493334
0.02496219
0.02493358
0.03493452
0.02892351
0.02293897
0.02499342
0.02194285
0.02190733
0.02197051
0.03188658
0.02492952
0.02393579
0.02396441
0.02481508
0.02285075
0.02396321
0.02193737
0.02094984
0.02093554
0.02381444
0.02194285
0.02296805
0.02396393
0.02396536
0.02396417
0.02097344
0.04383206
0.02293468
0.02296948
0.02097344
0.03487754
0.02390885
0.02290988
0.02293873
0.02194476
0.02194095
0.02091575
0.02296662
0.02097368
0.02293873
0.02294493
0.02397060
0.02294040
0.02296662
0.02393579
0.02191329
0.02196908
0.02194214
0.02291155
0.02396107
0.02091527
0.02595806
0.02393556
0.02296591
0.02293801
0.02293444
0.02193880
0.02194166
0.02091646
0.02496457
0.02589941
0.02593136
0.02789640
0.02795196
0.02792645
0.02994752
0.02692747
0.02792573
0.02692771
0.02692819
0.02490520
0.02690172
0.02084899
0.02494478
0.02296662
0.02396679
0.02294064
0.02293849
0.02397013
0.02194214
0.02094460
0.02194381
0.02191401
0.02097225
0.02194071
0.02296662
0.02393532
0.02392769
0.02290726
0.02297568
0.02191377
0.02191401
0.02194214
0.02196860
0.02182364
0.02197075
0.02393723
0.02293825
0.02393460
0.02393293
0.02390885
0.02197313
0.02297449
0.02094507
0.02194262
0.02197242
0.02297211
0.02592683
0.02492237
0.02396345
0.02291226
0.02193618
0.02294064
0.02194309
0.02193761
0.02293754
0.02194262
0.02196908
0.02393889
0.02396560
0.02294374
0.02397752
0.02291083
0.02194118
0.02296805
0.02194142
0.02193880
0.02294087
0.02590370
0.03590417
0.02896094
0.02992082
0.02692819
0.02894902
0.02841830
0.02792382
0.02590060
0.02590322
0.02596164
0.02593088
0.02792430
0.02892280
0.02892303
0.02692795
0.02892303
0.02789497
0.02194142
0.02291012
0.02194118
0.02393699
0.02398610
0.02481341
0.02393675
0.02396345
0.02293873
0.02196503
0.02196884
0.02190304
0.02293849
0.02197027
0.02386522
0.02396560
0.02493358
0.02396703
0.02396512
0.02194405
0.02194262
0.02194190
0.02297091
0.02194190
0.02194452
0.02393746
0.02393937
0.02393675
0.02396560
0.02395177
0.02194071
0.02296925
0.02291131
0.02293921
0.02191401
0.02194214
0.02590275
0.02394342
0.02390885
0.02493382
0.02393341
0.02293849
0.02193594
0.02196836
0.02194285
0.02196908
0.02393627
0.02593088
0.02393532
0.02393699
0.02393627
0.02393651
0.02194262
0.02195215
0.02293897
0.02290916
0.02191377
0.02692795
0.02892232
0.03091764
0.02792597
0.02995586
0.02690053
0.02897358
0.02787018
0.02895641
0.02792501
0.02692795
0.02996039
0.02889347
0.02992058
0.03088999
0.02648544
0.04284501
0.02593064
0.02792549
0.03191495
0.03091717
