0.01496077
0.04989076
0.04687119
0.04587364
0.04677892
0.06182599
0.04576278
0.04579020
0.04563236
0.04479313
0.04590559
0.04587555
0.04490638
0.04487681
0.04687071
0.04490733
0.04590273
0.04590487
0.04590273
0.04590297
0.04590154
0.04578972
0.04578590
0.04578996
0.04479265
0.04587698
0.04587770
0.04584932
0.04590487
0.04687929
0.04648733
0.04687309
0.04687238
0.04690385
0.04578996
0.04590607
0.04687119
0.04687095
0.04690528
0.04687476
0.04687500
0.04687095
0.04587770
0.04687166
0.04587746
0.04587340
0.04587388
0.04587269
0.04687476
0.04587770
0.04587317
0.04687500
0.04687476
0.04668045
0.04690695
0.04490852
0.04685926
0.04590130
0.04689980
0.04687119
0.04687524
0.04687572
0.04687524
0.04579067
0.04786897
0.04687476
0.04787183
0.04687524
0.04590225
0.04590082
0.04689837
0.04687071
0.04679441
0.04678679
0.04590559
0.04886174
0.04687405
0.04690170
0.04590225
0.04788613
0.04789972
0.04789591
0.04790068
0.04689860
0.04691291
0.04690266
0.04787397
0.04781675
0.04786801
0.04687071
0.04786825
0.04786801
0.04789329
0.04786849
0.04687095
0.04787183
0.04888606
0.04886937
0.04886961
0.04887033
