0.01199579
0.04292130
0.03094816
0.02780747
0.02991962
0.02892256
0.02692795
0.02892375
0.02692890
0.02991962
0.02991986
0.02889419
0.03091741
0.02692986
0.02892494
0.02997208
0.02792525
0.02743340
0.03493643
0.02992272
0.02991986
0.03191400
0.02693009
0.02892280
0.02892208
0.02692819
0.02593374
0.02592754
0.02695584
0.03590369
0.02992058
0.02692580
0.02895164
0.03073931
0.02692795
0.02891374
0.02595830
0.02695513
0.02895164
0.03080654
0.02795482
0.02998447
0.02695751
0.02783227
0.02691483
0.02692723
0.03693056
0.02892256
0.02493334
0.02595687
0.02294016
0.02393651
0.02396178
0.02496481
0.02393794
0.02393603
0.02493525
0.02490497
0.02495980
0.02493334
0.02596474
0.02394176
0.02396536
0.02393532
0.02596045
0.02390742
0.02597308
0.02792835
0.02594662
0.02596164
0.02493668
0.02593207
0.02393627
0.02496290
0.02568841
0.02393603
0.02490520
0.02390671
0.02593708
0.02596021
0.02693033
0.02695775
0.02590251
0.02493548
0.02393007
0.02393079
0.02393579
0.02692747
0.02394390
0.02795458
0.02693605
0.02493238
0.02692866
0.02593040
0.02496099
0.02390885
0.02392888
0.02494478
0.02396703
0.02593064
0.02895594
0.02693105
0.02593350
0.02593255
0.02692866
0.03091693
0.02893567
0.02795339
0.02792883
0.02895212
0.03690028
0.03789902
0.03291249
0.02892232
0.02895522
0.02895021
0.02692604
0.02795863
0.03294992
0.03191471
0.02883840
0.02992105
0.03191447
0.02882886
0.02991247
0.02882147
0.02892160
0.03291535
0.03091860
0.02892113
0.03095078
0.02988958
0.02995253
0.02888346
0.02795362
0.02895808
0.02982783
0.02883291
0.03082395
0.02792454
0.02995420
0.02795362
0.02988434
0.02892399
0.03291249
0.02892399
0.02991748
0.02994776
0.02895093
0.02783418
0.03288460
0.03094292
0.02795267
0.03088117
0.02897000
0.02995396
0.02895236
0.02892208
0.02795529
0.03590202
0.03189731
0.02895522
0.02892637
0.02991986
0.03089023
0.02891755
0.02895164
0.02792525
0.02991605
0.03992248
0.02982903
0.02982831
0.02795243
0.03097963
0.03091717
0.04782081
0.03889894
0.03490067
0.02885127
0.02884007
0.02890825
0.02783513
0.02895665
0.03788972
0.03091884
0.02989101
0.02994943
0.02880406
0.02892303
0.02892447
0.03778005
0.03294182
0.02883029
0.02994823
0.02892065
0.02992415
0.02880406
0.02891827
0.03390956
0.03082633
0.02883244
0.03294277
0.02882981
0.02895451
0.02792621
0.02891874
0.03692889
0.03179741
0.02892399
0.02991939
0.02892804
0.02991915
0.02889562
0.02889490
0.02895308
0.02792501
0.03593516
0.02994967
0.02789736
0.02892256
0.02992010
0.02795982
0.02992296
0.03789854
0.03191543
0.02895164
0.02795815
0.02895403
0.02994823
0.02792430
0.03171492
0.02991962
0.02891827
0.03088951
0.02795339
0.02985334
0.02894831
0.03082633
0.02792597
0.03194642
0.03191471
0.02792549
0.02982998
0.02994919
0.02795434
0.02789664
0.02892280
0.02789783
0.03593707
0.03690052
0.02992368
0.04485083
0.02992010
0.02895355
0.03188777
0.03088927
0.02893257
0.02982688
0.04088974
0.02994752
0.02995038
0.02795410
0.03290868
0.02892780
0.02891064
0.02983093
0.02895212
0.02994776
0.03096151
0.03195214
0.02987909
0.02994919
0.02892399
0.03094149
0.02880144
0.02891850
0.02895713
0.02895021
0.02895117
0.02895093
0.03088880
0.03687525
0.03091335
0.03488135
0.03281832
0.02987885
0.03279185
0.02895260
0.03189945
0.02889490
0.02895093
0.02892256
0.02991962
0.02992010
0.02892280
0.03091764
0.02892256
0.03091741
0.03190613
0.02892423
