0.01197600
0.03388190
0.02695704
0.02792525
0.02695680
0.02591181
0.02692819
0.03590393
0.02992296
0.02692914
0.02892327
0.02792001
0.02792645
0.02692819
0.02692103
0.02595925
0.02692747
0.02396321
0.02393436
0.02393746
0.02490520
0.02572703
0.02395773
0.02393627
0.02293921
0.02393603
0.02293992
0.02493358
0.02493644
0.02593017
0.02493358
0.02490497
0.02393031
0.02296638
0.02293992
0.02296853
0.02293849
0.02496099
0.02592731
0.02496028
0.02593064
0.02493978
0.02493453
0.02393389
0.02293730
0.02493286
0.02393699
0.02290797
0.02692747
0.02493143
0.02593017
0.02596068
0.02592945
0.02593255
0.02390718
0.02493501
0.02393699
0.02492499
0.02393579
0.02291131
0.02490592
0.02695727
0.02493358
0.02493453
0.02593064
0.02496576
0.02393556
0.02490377
0.02393484
0.02390862
0.02393889
0.02493095
0.02493858
0.02493334
0.03391004
0.02795672
0.02989244
0.02692842
0.03191423
0.02788854
0.03293991
0.02994990
0.02892256
0.02894998
0.02894974
0.02989626
0.02795815
0.03191614
0.03693414
0.03150630
0.02895045
0.02892375
0.02992034
0.02793264
0.02692842
0.02792525
0.02892447
0.02889276
0.02989316
0.02889514
0.02991486
0.02892447
0.03091741
0.02994442
0.02892280
0.02992225
0.02792501
0.02991652
0.03196526
0.02895188
0.02790785
0.02992105
0.03288913
0.02991676
0.02889490
0.03094506
0.02795744
0.04188156
0.02991986
0.02992368
0.02692389
0.02789712
0.03191495
0.03095412
0.02789426
0.02895117
0.02889514
0.02994823
0.02692795
0.02696109
0.02792501
0.03094482
0.02995038
0.03091764
0.02792454
0.02892327
0.02991962
0.02795362
0.02991724
0.02692604
0.03690028
0.03091645
0.02792263
0.03095222
0.02692747
0.02991962
0.02792668
0.02692747
0.03191447
0.03094625
0.02795529
0.02892399
0.02991629
0.02991915
0.02795577
0.02692366
0.02692842
0.03490877
0.03194404
0.02792597
0.02882910
0.02982092
0.02995253
0.02792668
0.02692723
0.03390670
0.03096390
0.02692771
0.02792621
0.02881765
0.02792549
0.02692795
0.02895284
0.02695680
0.02293611
0.02393746
0.02593184
0.02496433
0.02484226
0.02293801
0.02293849
0.02293873
0.02496314
0.02396297
0.02692795
0.02493358
0.02493382
0.02494979
0.02493358
0.02496076
0.02294183
0.02297354
0.02393675
0.02397084
0.02296829
0.02296615
0.02393913
0.02695537
0.02496243
0.02493334
0.02393651
0.02496076
0.02396584
0.02296782
0.02296805
0.02293873
0.02296567
0.02294040
0.02493334
0.02495980
0.02493358
0.02496219
0.02493334
0.02393389
0.02297902
0.02397943
0.02393842
0.02496076
0.02293777
0.02397346
0.02492595
0.02593398
0.02594638
0.02496147
0.02496219
0.02396560
0.02292991
0.02396297
0.02296758
0.02496099
0.02692819
0.03194284
0.03091311
0.02792168
0.02992415
0.02792668
0.02991629
0.02992010
0.02783513
0.02792001
0.03191733
0.02795029
0.02992153
0.02791142
0.02885914
0.02895117
0.02792215
0.02695584
0.02690125
0.02994704
0.02795267
0.03091908
0.02792549
0.02895594
0.02892351
0.02993417
0.02590322
0.02692962
0.02792478
0.02892232
0.03094316
0.03093052
0.02692747
0.02795529
0.02693653
0.02795577
0.02692699
0.02692962
0.02787948
0.03091693
0.02695632
0.02792764
0.02794766
0.02888536
0.02894783
0.02783513
0.02595806
0.03390861
0.02792883
0.02889585
0.02792525
0.02291203
0.02296662
0.02293658
0.02293777
0.02191639
0.02393579
0.02194285
0.02396536
0.02493286
0.02392817
0.02481222
0.02197337
0.02290821
0.02293873
0.02293992
0.02381063
0.02393341
0.02493358
0.02496076
