0.01096988
0.02583742
0.02296257
0.03388071
0.02296519
0.02393579
0.02294183
0.03090167
0.02201104
0.02099085
0.02097440
0.02094579
0.02296925
0.02296805
0.02285409
0.02296662
0.02182317
0.02094007
0.02093959
0.02096748
0.02085042
0.01995778
0.02185130
0.02794862
0.02396441
0.02281523
0.02097535
0.02191424
0.02097416
0.02197242
0.02196527
0.02194262
0.02293444
0.02393579
0.02363753
0.02293491
0.02293468
0.02194166
0.02094603
0.02197123
0.02097297
0.02091670
0.02194142
0.02292800
0.03291297
0.02692771
0.02795267
0.02695107
0.02483130
0.02493310
0.02490640
0.03493428
0.02895355
0.02792883
0.02788973
0.02695799
0.02592802
0.02091384
0.02094412
0.02097344
0.02094054
0.02396536
0.02293754
0.02392864
0.02197075
0.02285218
0.02084780
0.02093720
0.02201390
0.02094412
0.02390623
0.02393222
0.02294064
0.02296185
0.02293849
0.02092147
0.02082348
0.02193522
0.02082396
0.02097797
0.02497435
0.02296829
0.02284575
0.02276254
0.02281785
0.02096772
0.02085161
0.02293134
0.02182126
0.02496219
0.02285218
0.02296543
0.02296925
0.02094316
0.02097654
0.02194166
0.02093267
0.02293873
0.02304792
0.02293897
0.02284789
0.02303100
0.02085376
0.02097321
0.02296877
0.02097654
0.03287649
0.02293921
0.02381754
0.02491450
0.02294064
0.02097154
0.02085233
0.02492809
0.02584076
0.02795815
0.02495933
0.03489900
0.02692413
0.02691865
0.02784181
0.02683759
0.02895188
0.02693415
0.02690029
0.02490377
0.02493334
0.02493334
0.02493453
0.02595973
0.02795696
0.02794123
0.02692795
0.02595901
0.02692866
0.02692723
0.02695704
0.02493596
0.02097487
0.02094626
0.02194762
0.02293539
0.02296901
0.02296257
0.02094555
0.02085185
0.01997781
0.03888965
0.02094483
0.02284980
0.02296758
0.02296782
0.02293897
0.02093029
0.02094221
0.02085352
0.02097988
0.02085519
0.02395606
0.02381802
0.02293849
0.02295661
0.02194118
0.03387451
0.04387522
0.02196932
0.02085066
0.02294707
0.02297163
0.02592564
0.02197075
0.02187014
0.02097321
0.02094460
0.02094531
0.02281880
0.02293205
0.02290320
0.04386806
0.02196383
0.02082562
0.02094507
0.02193785
0.02196908
0.02289724
0.02293873
0.02352142
0.02393579
0.02197027
0.02094340
0.02090096
0.02090716
0.02103329
0.02795506
0.02783251
0.02895141
0.02892303
0.02593064
0.02693033
0.02091479
0.02194238
0.02094388
0.02191305
0.02296996
0.02296829
0.02296782
0.03588915
0.02093649
0.02195358
0.02094388
0.02092814
0.02197385
0.02294922
0.02296662
0.02393556
0.02285838
0.02294612
0.02097201
0.02184796
0.02194285
0.02193761
0.02097130
0.03390026
0.03191805
0.02296638
0.02284527
0.02094364
0.03090167
0.02491522
0.02093124
0.02297020
0.02386045
0.02393794
0.02393532
0.02192354
0.02182388
0.02193141
0.02282357
0.02097368
0.02097249
0.02384305
0.04187512
0.02284765
0.02393579
0.02094340
0.02094722
0.02197003
0.02293849
0.02085805
0.02197027
0.02390170
0.03387785
0.02389574
0.02891922
0.02766204
0.02782154
0.02800035
0.02593040
0.02891874
0.02795315
0.02979779
0.02692842
0.02795529
0.02789927
0.02789783
0.02789760
0.02593112
0.02496123
0.02992058
0.03787065
0.02894974
0.02792740
0.02792048
0.02692795
0.02695799
0.02689695
0.02590394
0.02191329
0.02197027
0.02091670
0.02196908
0.02293420
0.02297115
0.02296972
0.02390814
0.02291107
0.02296638
0.02091575
0.02097154
0.02094340
0.02091098
0.02091122
0.02396464
0.02390432
0.02296686
0.02293682
0.02294087
0.02292943
0.02395320
0.02091622
