0.01097059
0.02795482
0.02392960
0.02396631
0.02394390
0.02291083
0.02191949
0.02197099
0.02291131
0.02196884
0.02636719
0.02792239
0.03686428
0.02982926
0.09676719
0.02795315
0.02692986
0.02584028
0.02592659
0.03692889
0.02989197
0.02693915
0.02792668
0.02900028
0.02695179
0.02980280
0.02592659
0.02593422
0.02892232
0.02992344
0.02895045
0.02790952
0.02795315
0.02792716
0.02795696
0.02496266
0.02194142
0.02194118
0.02197075
0.02490473
0.02396345
0.02497983
0.02193880
0.02293849
0.02194142
0.02194214
0.02390862
0.02193880
0.02293849
0.02396369
0.02495837
0.02393579
0.02393317
0.02390814
0.02396393
0.02291012
0.02196789
0.02194095
0.02296019
0.02194166
0.02194142
0.02593756
0.02396703
0.02393627
0.02495599
0.02393246
0.02396822
0.02396870
0.02296805
0.02293825
0.02191401
0.02196884
0.02393579
0.02296829
0.02393532
0.02493382
0.02396560
0.02393579
0.02290940
0.02294016
0.02297068
0.02393532
0.02194118
0.02590275
0.02393603
0.02393723
0.02493668
0.02396512
0.02393627
0.02197027
0.02294111
0.02296877
0.02194691
0.02795291
0.02592945
0.03095818
0.02895236
0.03091455
0.03986883
0.02794862
0.02792597
0.02791977
0.02695680
0.02695727
0.02573633
0.02991986
0.02692747
0.02892256
0.02884889
0.04187751
0.02793074
0.02690125
0.02592969
0.02592993
0.02693748
0.02795315
0.03094530
0.02692366
0.02792668
0.02789783
0.02795243
0.02493334
0.02792668
0.02590322
0.03490686
0.02895021
0.02889848
0.03091836
0.02590370
0.02792740
0.02783227
0.02691507
0.02593446
0.02592993
0.02592874
0.03394699
0.02894998
0.02792573
0.02390838
0.02490973
0.02393627
0.02194166
0.02293825
0.02191353
0.02194118
0.02396059
0.02484035
0.02384424
0.02291179
0.02293825
0.02293921
0.02194166
0.02194071
0.02194118
0.02293801
0.02496409
0.02493477
0.02493024
0.02294016
0.02293944
0.02197766
0.02194166
0.02393675
0.02296710
0.02393579
0.02493334
0.03087664
0.02297544
0.02293825
0.02289724
0.02293444
0.02296591
0.02293968
0.02393675
0.02496076
0.02393723
0.02396417
0.02393770
0.02490449
0.02197361
0.02293849
0.02291059
0.02296591
0.02193713
0.02293897
0.02390289
0.02496862
0.02393603
0.02398586
0.02493095
0.02396393
0.02291083
0.02293873
0.02294040
0.02296615
0.02896047
0.02695274
0.02692509
0.02995396
0.02792001
0.03094602
0.02692747
0.02892256
0.02892256
0.03091311
0.02692795
0.03191376
0.03091741
0.02792358
0.02892232
0.02892208
0.02892280
0.02895284
0.02690101
0.02596068
0.02593589
0.03690124
0.02493334
0.02493596
0.02396464
0.02390671
0.02393627
0.02298141
0.02393842
0.02293897
0.02399588
0.02296805
0.02493072
0.02497196
0.02393675
0.02493453
0.02493048
0.02292728
0.02292967
0.02297139
0.02293539
0.02396393
0.02294278
0.02592921
0.02692842
0.02493358
0.02490211
0.02493382
0.02390385
0.02393627
0.02237105
0.02393055
0.02296805
0.02295876
0.02293849
0.02490616
0.02390862
0.02496052
0.02381611
0.02296782
0.02293992
0.02293730
0.02396178
0.02393889
0.02496481
0.02292585
0.02496076
0.03888512
0.02495861
0.02493382
0.02493405
0.02293801
0.02396083
0.02301645
0.02296996
0.02285194
0.02396369
0.02381301
0.03193808
0.03991961
0.03288484
0.02695537
0.02792573
0.02696109
0.02692986
0.03690124
0.03094506
0.02795696
0.02792335
0.02989197
0.02892876
0.02892280
0.02693343
0.02692795
0.02991939
0.02792454
0.02991724
0.02792549
0.02891779
0.02892399
0.02795482
0.02789736
0.02792382
0.02692890
0.02692962
