0.01099825
0.02593040
0.02393675
0.02294111
0.02293921
0.02293634
0.02197266
0.02091599
0.02193761
0.02194023
0.02093959
0.02094007
0.02396894
0.02390790
0.02296638
0.02296853
0.02385187
0.03291607
0.02194095
0.02194118
0.02190781
0.02795362
0.02197123
0.02355433
0.03390646
0.02297235
0.02281737
0.02097297
0.02193904
0.02094007
0.02181983
0.02196479
0.02496243
0.02396321
0.02294087
0.02396393
0.02398562
0.02194118
0.02091718
0.02194142
0.02194309
0.02091336
0.02191496
0.02391267
0.02396631
0.02393961
0.02393270
0.02496076
0.02194333
0.02097201
0.02094436
0.02194166
0.02193737
0.02194095
0.03490162
0.02894950
0.02792215
0.03590369
0.02795243
0.02690053
0.02692962
0.02589726
0.02496314
0.02591586
0.02895045
0.02690077
0.02895045
0.02792525
0.02796292
0.02792335
0.02792573
0.02690101
0.02193832
0.02194285
0.02294469
0.04088783
0.02292085
0.02295613
0.02294135
0.02293205
0.02297354
0.02091718
0.02094412
0.02194357
0.02194190
0.02091646
0.02297068
0.02291107
0.02293897
0.02393556
0.02297044
0.02290821
0.02097392
0.02191305
0.02194095
0.02194571
0.02094865
0.02094531
0.02493715
0.02396417
0.02353334
0.02293849
0.02196360
0.02191424
0.02194142
0.02197623
0.02094030
0.02097344
0.02197099
0.02291059
0.02393723
0.02296901
0.02294111
0.02293777
0.02197361
0.02194285
0.04486012
0.02194262
0.02496886
0.02393723
0.02281976
0.02391839
0.02297258
0.02193809
0.02187133
0.02196932
0.02094531
0.02595901
0.02689862
0.03094530
0.02593136
0.02892256
0.02696037
0.03588581
0.02496052
0.02493382
0.02593088
0.02589393
0.03490877
0.02792692
0.02894020
0.02692318
0.02992177
0.02789807
0.02695823
0.02191401
0.02296615
0.02191329
0.02197480
0.02293873
0.02293849
0.02393746
0.02496147
0.02281737
0.02195573
0.02398729
0.03489137
0.02293801
0.02493405
0.02491999
0.02384043
0.04185820
0.02293420
0.02296686
0.02282166
0.02296281
0.02184868
0.02289891
0.02484035
0.02396607
0.02381539
0.02196455
0.02393579
0.02293873
0.02294016
0.02395844
0.02196240
0.02496171
0.02293658
0.02493501
0.03989244
0.02380800
0.02182364
0.02191401
0.02191401
0.02194142
0.02191329
0.02393866
0.02390766
0.02491474
0.02392220
0.02393603
0.02393770
0.02196932
0.02191448
0.02193713
0.02190113
0.02497339
0.02282071
0.02490544
0.02994323
0.02595949
0.02894592
0.02880287
0.02894497
0.02583885
0.02695465
0.02593088
0.03492713
0.03091669
0.02690125
0.03091693
0.04684639
0.02693009
0.02596021
0.02692819
0.02795291
0.02994895
0.02991915
0.02889395
0.02795243
0.02792621
0.02291155
0.02197266
0.02293944
0.02392030
0.02194142
0.02593112
0.02396369
0.02493453
0.02393627
0.02396607
0.02393579
0.02293801
0.02296758
0.02191401
0.02293921
0.02097392
0.02291155
0.02291131
0.02393794
0.02387023
0.02395272
0.02293992
0.02393603
0.02297568
0.04590082
0.02296829
0.02285051
0.02184892
0.02296615
0.02384329
0.02484202
0.02484345
0.02384615
0.02191424
0.02296805
0.02381897
0.02293062
0.02593040
0.02496243
0.02393126
0.02294040
0.02393723
0.02396512
0.02297401
0.03390694
0.02194285
0.02293181
0.02296591
0.02496076
0.02496099
0.02393985
0.02393579
0.02393532
0.02293849
0.02197146
0.02695704
0.02593255
0.02695680
0.03587532
0.03088975
0.02795601
0.02992058
0.02991009
0.02695560
0.02593136
0.02892232
0.02992058
0.02692819
0.02989197
0.02892303
0.02892280
0.02792525
0.02692771
0.02595353
0.02590346
0.03393745
0.02892470
0.02792573
