0.01100397
0.02493334
0.02194166
0.02595854
0.02497053
0.02393675
0.02493572
0.02493310
0.02191353
0.02293873
0.02293897
0.02293730
0.02393484
0.02396417
0.03786922
0.02584004
0.02496028
0.02395415
0.02396679
0.02393723
0.02295113
0.02397108
0.02290773
0.02290988
0.02692795
0.02491951
0.02496266
0.03886127
0.02493238
0.02293229
0.02293873
0.02296615
0.02295971
0.02281952
0.02266049
0.02585387
0.02493477
0.03586364
0.02388883
0.02592897
0.02391243
0.02789354
0.02995300
0.02895045
0.03192163
0.03091788
0.02896643
0.02982593
0.03288198
0.02895021
0.02692389
0.03191400
0.02792239
0.03291130
0.03191614
0.02992058
0.03091097
0.02899933
0.02795792
0.02991748
0.03190303
0.03094697
0.02794933
0.02980232
0.02993774
0.02891469
0.02783227
0.03182006
0.04284763
0.03777242
0.03190017
0.02982831
0.02994943
0.02895498
0.02880096
0.02792311
0.02792549
0.03792620
0.03091741
0.02894998
0.02994680
0.02892113
0.02994752
0.02892232
0.03792381
0.03986430
0.03091741
0.02895904
0.02892447
0.03294015
0.02895308
0.02883005
0.02892351
0.03787112
0.03892636
0.03194094
0.02896285
0.02895117
0.02994943
0.02880216
0.03291273
0.03081799
0.03293920
0.02892256
0.02989149
0.02783370
0.02891636
0.02783728
0.02891445
0.03391075
0.03291416
0.02988720
0.03290796
0.02982926
0.03095531
0.02892256
0.04287863
0.03493357
0.03179622
0.02894592
0.03091240
0.02895141
0.02895236
0.03194404
0.03150916
0.02991986
0.02992010
0.02994704
0.02982998
0.03279066
0.03191590
0.02995324
0.03091335
0.04686046
0.02892423
0.02791834
0.02895021
0.02792597
0.03391099
0.03088593
0.03091669
0.02892256
0.02795339
0.02889419
0.02792525
0.03790045
0.03089023
0.02994943
0.02895045
0.02894974
0.02895260
0.02892184
0.02892256
0.02991986
0.02991962
0.02892137
0.03191328
0.02993035
0.03092265
0.02892828
0.02994823
0.02900600
0.03191566
0.02991748
0.03288412
0.02889514
0.03194237
0.02994990
0.02892756
0.03393745
0.03188586
0.02989197
0.03091788
0.02892232
0.02995253
0.03294349
0.02991962
0.02892494
0.03091335
0.02891827
0.03091335
0.03291202
0.02792120
0.03191066
0.03889537
0.03091884
0.02883148
0.03179502
0.04586887
0.02883506
0.02994823
0.02800560
0.03291106
0.03194618
0.02895188
0.03089023
0.02895021
0.02779698
0.03191614
0.03393555
0.03282595
0.02994013
0.02996421
0.02991986
0.03094482
0.02900481
0.02882910
0.03281808
0.02894711
0.02992082
0.03094172
0.02991986
0.03291368
0.03390956
0.02996039
0.02992058
0.04889488
0.02894998
0.02785873
0.03790164
0.03195190
0.02994728
0.03092051
0.02895188
0.02989268
0.02893567
0.04587579
0.02994847
0.02992010
0.03094745
0.02991462
0.03091645
0.02994680
0.02994418
0.03892255
0.03288484
0.03094411
0.02895212
0.02992034
0.03091669
0.02792525
0.03889966
0.03092980
0.02895141
0.03091812
0.02994919
0.02895141
0.02895045
0.02792454
0.03088951
0.02892613
0.03190875
0.02991819
0.02892232
0.02991056
0.02895117
0.03789830
0.03893113
0.03093815
0.02994061
0.02800393
0.02880430
0.02792144
0.02791905
0.03789854
0.03194880
0.02889729
0.02880192
0.02894855
0.03000379
0.02894998
0.02895069
0.03188038
0.02791929
0.03792739
0.02995014
0.03091741
0.02795386
0.02792645
0.02695727
0.02695537
0.03191376
0.03191614
0.02893496
0.02983189
0.03195119
0.02796197
0.02889323
0.02792311
0.02792096
0.03191423
0.03091908
0.02792525
0.02995205
0.03182459
0.02895570
0.02894378
0.02792335
0.02795362
0.03692842
