0.01094317
0.02493668
0.02097034
0.02097607
0.01990104
0.01992440
0.02093959
0.02389431
0.02293468
0.02293658
0.02393579
0.02197838
0.01997566
0.02091551
0.02097178
0.01997614
0.02098250
0.02184868
0.02196908
0.02185035
0.02097797
0.02094555
0.02096725
0.02097416
0.01987743
0.02094746
0.02196932
0.02293801
0.02393484
0.02399492
0.02194095
0.02093101
0.02196860
0.02091479
0.01994681
0.02185631
0.02281952
0.02193785
0.02892661
0.02677345
0.02692866
0.02695823
0.02692914
0.02692962
0.02593207
0.02393723
0.02792597
0.02695799
0.02892327
0.02695680
0.02695966
0.02193928
0.02097321
0.02098656
0.01995230
0.03289676
0.02093220
0.02094746
0.02396369
0.02182460
0.02295899
0.02194118
0.01994705
0.02091503
0.02094460
0.02093863
0.02096844
0.02297187
0.02296662
0.02390361
0.02197242
0.02182078
0.02094412
0.02096725
0.02194285
0.04087329
0.02392387
0.02296925
0.02185345
0.03090501
0.02104926
0.02197099
0.02084613
0.01997709
0.02094388
0.02294016
0.03986859
0.02297115
0.02197146
0.02097750
0.02085400
0.02196884
0.02084637
0.02093959
0.02194095
0.02393603
0.02293777
0.02293825
0.02193618
0.02097154
0.02102900
0.02092481
0.02085423
0.02196908
0.02285028
0.02696490
0.02792549
0.02894974
0.02793574
0.02791762
0.02692962
0.02692842
0.02691817
0.02496743
0.02393627
0.02695656
0.02595878
0.02795458
0.02194047
0.02293921
0.02094793
0.02094412
0.01997566
0.02094412
0.02097368
0.02094364
0.02292538
0.02282095
0.02197194
0.02185774
0.03486657
0.02093983
0.02293873
0.02397203
0.02284956
0.02296185
0.02182817
0.02193522
0.02097678
0.02092743
0.02197123
0.02096391
0.02296782
0.02293062
0.02384353
0.02293825
0.02284622
0.02094460
0.02094388
0.02097178
0.02094984
0.02097297
0.02095294
0.02389693
0.02293563
0.02396345
0.02193737
0.02293873
0.02191281
0.02097416
0.02094340
0.02096415
0.02196836
0.02096772
0.02085519
0.02193713
0.03490520
0.04387784
0.02293849
0.02197599
0.02094412
0.02093983
0.02293897
0.02490449
0.02895260
0.02895045
0.02795339
0.02895141
0.02695894
0.02692914
0.02595949
0.02592969
0.02595758
0.02393699
0.02496028
0.02889538
0.02390838
0.02293897
0.02396512
0.02194166
0.02293849
0.02096820
0.02091718
0.02194977
0.02097535
0.02393579
0.02190852
0.02297306
0.02191305
0.02194977
0.02191424
0.02097392
0.02094388
0.02085400
0.02397227
0.02294636
0.02282023
0.02192783
0.01989102
0.02094650
0.02085924
0.03888130
0.02191353
0.02281952
0.02396274
0.02293682
0.02293825
0.02094603
0.02196383
0.02194309
0.02296853
0.02197075
0.02281332
0.02296662
0.02397013
0.02197051
0.02084565
0.02094412
0.02093315
0.02089643
0.02194071
0.02296448
0.02393508
0.02496958
0.02296209
0.02291417
0.02393532
0.02091408
0.02094388
0.02094841
0.02091551
0.02097273
0.03490806
0.02994847
0.02994490
0.02496171
0.02889323
0.02595854
0.02692914
0.02595901
0.02593660
0.02493191
0.02390409
0.03390908
0.02690029
0.02695608
0.02689862
0.02692842
0.02690053
0.02097154
0.02094436
0.02095199
0.02182341
0.02296233
0.02393603
0.02289796
0.02284575
0.02395916
0.02091599
0.02198315
0.02194142
0.02097273
0.02097321
0.02493215
0.02291083
0.02293801
0.02293873
0.02291131
0.02097487
0.02196860
0.02085304
0.02192283
0.02493715
0.02293873
0.02291155
0.02393007
0.02290893
0.02294016
0.02396512
0.02197981
0.02091551
0.02197027
0.02291107
0.02194190
0.02202177
0.02296591
0.02294064
0.02393794
0.02291131
0.02196860
