0.01498771
0.04989433
0.04587793
0.04690313
0.04689431
0.04579186
0.04684711
0.04487991
0.04587793
0.04687119
0.04587364
0.04587317
0.04587173
0.04590774
0.04687572
0.04591179
0.04584932
0.04587793
0.04487991
0.04786801
0.04884148
0.04587293
0.04691505
0.04687142
0.04584765
0.04587770
0.04587722
0.04587746
0.04587746
0.04587770
0.04690886
0.04786825
0.04787135
0.04789209
0.04687405
0.04591131
0.04690194
0.04687428
0.04689837
0.04787230
0.04687119
0.04690266
0.04809117
0.04689884
0.04587364
0.04687119
0.04676008
0.04587746
0.04687119
0.04787254
0.04787207
0.04687524
0.04687428
0.04587770
0.04590535
0.04687572
0.04787207
0.04786777
0.04587889
0.04783559
0.04687119
0.04687142
0.04687572
0.04786849
0.04787254
0.04757261
0.04687500
0.04786825
0.04790807
0.04687524
0.04690433
0.04787064
0.04687452
0.04687166
0.04587770
0.04687476
0.04787254
0.04786825
0.04690242
0.04687548
0.04889369
0.04789996
0.04789996
0.04687524
0.04687142
0.04787230
0.04687524
0.04689789
0.04789686
0.04775596
0.04776239
0.04786849
0.04690242
0.04778552
0.04777741
0.04778457
0.04775715
0.04786801
0.04689860
0.04684734
0.04587722
0.04586244
0.04584789
0.04690528
0.04686189
0.04789996
0.04690266
0.04587793
0.04689837
0.04687500
0.04590416
0.04684567
0.04679251
0.04768968
0.04785872
0.04784083
0.04689598
0.04678583
0.04693222
0.04779315
0.04684591
0.04690599
0.04784131
0.04790187
0.04787207
0.04687333
0.04789591
0.04690504
0.04784346
0.04789615
0.04684091
0.04687476
0.04789686
0.04786825
0.04790211
0.04790068
0.04789615
0.04787183
0.04687524
0.04687476
0.04590535
0.04690266
0.04684353
0.04787254
0.04791045
0.04690051
0.04687476
0.04590511
0.04687119
0.04686546
0.04687595
0.04689837
0.04787230
0.04585028
0.04787230
0.04587698
0.04687142
0.04581118
0.04590321
0.04590106
0.04682970
0.04790044
0.04690552
0.04590058
0.04590750
0.04690599
0.04690218
0.04690433
0.04587674
0.04588294
0.04590034
0.04680085
0.04790926
0.04587770
0.04690242
0.04689837
0.04653001
0.04789567
0.04689741
0.04687047
0.04587293
0.04690194
0.04587388
0.04587817
0.04687119
0.04587770
0.04690337
0.04783034
0.04687071
0.04678130
0.04690266
0.04684472
0.04687071
0.04678392
0.04590130
0.04575896
0.04687119
0.04587722
0.04587746
0.04689860
0.04687500
0.04794121
0.04787230
0.04786754
0.04587793
0.04690981
0.04587722
0.04587746
0.04690242
0.04686236
0.04575729
0.04575372
0.04686904
0.04789805
0.05683756
0.04578900
0.04689837
0.04687524
0.04687119
0.04687047
0.04786825
0.04689813
0.04687023
0.04687071
0.04587293
0.04687500
0.04687142
0.04687524
0.04681897
0.04688501
0.04789972
0.04590130
0.04689837
0.04689956
0.04587865
0.04787230
0.04787183
0.04789567
0.04789948
0.04787326
0.04687047
0.04690242
0.04690170
0.04690266
0.04789639
0.04787230
0.04778814
0.04787016
0.04778528
0.04687476
0.04787183
0.04786801
0.04787207
0.04886937
0.04886532
0.04889870
0.04886985
0.04847455
0.04886961
0.04986262
0.04986620
0.04886818
0.04785919
0.04886937
0.04789519
0.04787230
0.04789686
0.04785872
0.04790187
0.04790068
0.04690242
0.04789925
0.04789710
0.04790020
0.04790044
0.04789972
0.04789495
0.04789782
0.04975224
0.04878736
0.04878616
0.04889226
0.04890275
0.04878378
0.04875565
0.04878354
0.04975629
0.04886937
0.04889321
0.04886985
0.04886961
0.04887009
0.04860759
0.04983950
0.04787230
0.04787612
0.04787159
0.04886651
0.06182528
0.04884219
