0.01099730
0.02396321
0.02094793
0.02091050
0.02097154
0.02291083
0.02496266
0.02293992
0.03288984
0.02184916
0.02196956
0.02199173
0.02193737
0.02289820
0.02596331
0.02393603
0.02393627
0.02293324
0.02293873
0.02097321
0.02196884
0.02120018
0.02296710
0.02191210
0.02296758
0.03388548
0.02269959
0.02293730
0.02296877
0.02192211
0.02097273
0.02097273
0.04385424
0.03091931
0.02792525
0.02795720
0.02990508
0.02791858
0.02792549
0.02792692
0.02792645
0.02792382
0.02695274
0.02592993
0.03291178
0.02892184
0.02794194
0.02789569
0.02693009
0.02690029
0.02696013
0.02490544
0.02496266
0.02493215
0.02493691
0.02894044
0.02393889
0.02394319
0.02393985
0.02284741
0.03486657
0.02094412
0.02194142
0.02194047
0.02194214
0.02194667
0.02394056
0.02373838
0.02296805
0.02294064
0.02184606
0.02194142
0.02094507
0.02197385
0.02197027
0.02390909
0.02396250
0.02394319
0.02296829
0.02396560
0.02190852
0.02191162
0.02094316
0.02296472
0.02094531
0.02590346
0.02296853
0.02393746
0.02293682
0.02393627
0.02191377
0.02097249
0.02197027
0.02293825
0.02193117
0.02194142
0.02291131
0.02396393
0.02293992
0.02291059
0.02296758
0.02194095
0.02197385
0.02197099
0.02198219
0.02193570
0.02291059
0.02262521
0.02393675
0.02390695
0.02294564
0.02197886
0.02592731
0.02791977
0.02593136
0.02595973
0.03590798
0.03094578
0.02695513
0.02692604
0.02792645
0.02792549
0.02692819
0.02892256
0.02593160
0.02593088
0.03390980
0.02995443
0.02894974
0.02792835
0.02795720
0.02692723
0.02795696
0.02593017
0.02590299
0.02593231
0.02592945
0.02396584
0.02393699
0.02490568
0.02390289
0.02197051
0.02190876
0.02193975
0.02293825
0.02293777
0.02191138
0.02496600
0.02393579
0.02397633
0.02490592
0.02396536
0.02397037
0.02194285
0.02194309
0.02194142
0.02197027
0.02393866
0.02185130
0.02395773
0.02393532
0.02296877
0.02393675
0.02328420
0.02190685
0.02194095
0.02194142
0.02196980
0.02293825
0.02196765
0.02393579
0.02293873
0.02391076
0.02390885
0.02393532
0.02393627
0.02393627
0.02194309
0.02181244
0.02196884
0.02194118
0.02191472
0.02393222
0.02396584
0.02490544
0.02396345
0.02390885
0.02390647
0.02293849
0.02197051
0.02291155
0.02196765
0.02695751
0.03487945
0.02893615
0.02792168
0.03591228
0.02795434
0.02792358
0.02792525
0.02593160
0.02789831
0.02593112
0.02992558
0.02593231
0.02296996
0.02393818
0.02393746
0.02396631
0.02194619
0.02191281
0.02194071
0.02296686
0.02191257
0.02194095
0.02493215
0.02390814
0.02393579
0.02293420
0.02390862
0.02393603
0.02194166
0.02197051
0.02193809
0.02396941
0.02291036
0.02394128
0.02598023
0.02593017
0.02393627
0.02393579
0.02390695
0.02194142
0.02196860
0.02191353
0.02291083
0.02390766
0.02191377
0.02396345
0.02393794
0.02490830
0.02293921
0.02290106
0.02293324
0.02294278
0.02191353
0.02194142
0.02194142
0.02393603
0.02194118
0.02293921
0.02293825
0.02393603
0.02392197
0.02396369
0.02293897
0.02294183
0.02294135
0.02296400
0.02194285
0.02595854
0.03591156
0.02892375
0.02889562
0.02995753
0.02991939
0.02693033
0.02789593
0.02592993
0.02692819
0.02593231
0.02593112
0.03290415
0.02793121
0.02792692
0.02695775
0.02789712
0.02792478
0.02194142
0.02196932
0.02191091
0.02396345
0.02194238
0.02293539
0.02396512
0.02396464
0.02390838
0.02393723
0.02393317
0.02297616
0.02293968
0.02197218
0.02296758
0.02191401
0.02194285
0.02386761
0.02491999
0.02396464
0.02390885
0.02394152
