0.01096630
0.02490187
0.02191353
0.02196598
0.02194786
0.02194166
0.02196932
0.02396369
0.02390742
0.02396536
0.02481318
0.02396584
0.02191710
0.02197099
0.02192211
0.02197361
0.02197099
0.02289701
0.02304578
0.02395034
0.02390480
0.02493262
0.02393723
0.02293515
0.02293849
0.02193737
0.02191663
0.02186704
0.02584028
0.02496624
0.02396798
0.02393627
0.02290368
0.02297211
0.02193975
0.02695584
0.02596712
0.02695608
0.03092456
0.02989268
0.02889371
0.02991581
0.02692819
0.02891898
0.02792525
0.02692842
0.02692795
0.02595830
0.03091764
0.02892280
0.03092670
0.02691627
0.02792454
0.02792549
0.02792239
0.02692699
0.02593732
0.02592969
0.03388214
0.02892780
0.02789760
0.02894664
0.02780485
0.02792501
0.02692819
0.02696371
0.06980538
0.03088999
0.02590322
0.02892256
0.02892232
0.02789736
0.02792478
0.02792430
0.02693176
0.02692699
0.02595949
0.02593064
0.02991986
0.02992058
0.02989173
0.02695704
0.02792549
0.02792621
0.02792525
0.02743220
0.02593279
0.02590561
0.02989149
0.02792549
0.02995038
0.02694511
0.02792430
0.02795649
0.02793288
0.02692437
0.02693009
0.02590370
0.02595949
0.02989197
0.02669263
0.02792406
0.02792549
0.02795815
0.02792954
0.02793431
0.02692795
0.02590346
0.02593398
0.02895236
0.03493500
0.02792048
0.03191090
0.02692413
0.02792096
0.02792549
0.02692389
0.02593088
0.02596092
0.03391051
0.02792549
0.03091764
0.02696824
0.02795315
0.02795434
0.02596140
0.02695823
0.02593040
0.02590585
0.03293967
0.02892184
0.02892995
0.02592683
0.02393627
0.02393818
0.02293825
0.02294016
0.02296972
0.02390742
0.02197003
0.02296805
0.02496505
0.02493215
0.02393317
0.02490568
0.02293825
0.02393603
0.02296638
0.02290797
0.02292657
0.02393579
0.02396464
0.02393746
0.02393627
0.02493334
0.02496266
0.02396655
0.02297091
0.02194023
0.02293897
0.02296805
0.02396750
0.02291107
0.02393556
0.02592564
0.02493453
0.02596116
0.02496171
0.02291059
0.02296662
0.02193737
0.02297473
0.02390814
0.02397442
0.02493405
0.02496338
0.02493358
0.02395940
0.02393603
0.02244306
0.02294683
0.02293229
0.02493501
0.02290392
0.02396870
0.02697515
0.02493238
0.02496505
0.02392745
0.02989268
0.02695751
0.02892280
0.02991915
0.02795291
0.03194475
0.03092003
0.02692771
0.02894759
0.03095126
0.02695251
0.02789474
0.02692914
0.03187847
0.02895308
0.03593206
0.02895188
0.02892351
0.02692747
0.02690053
0.02689362
0.02892232
0.02992010
0.02796197
0.02891421
0.02792263
0.02895164
0.02690101
0.02795506
0.02690077
0.02595830
0.03487849
0.02991843
0.02991772
0.03091478
0.02795935
0.02892423
0.02695560
0.02690053
0.02695680
0.03088880
0.03493690
0.03294253
0.02692747
0.02795362
0.02789807
0.02694821
0.02789998
0.02692938
0.02692819
0.03590417
0.03091788
0.02693105
0.03088737
0.02792645
0.02692723
0.02695608
0.02692986
0.03091788
0.02894998
0.02795267
0.02895021
0.02894807
0.02895069
0.02692819
0.02590322
0.02692986
0.03088880
0.02670407
0.02895188
0.02889490
0.02892280
0.02892303
0.02892303
0.02689981
0.02894878
0.02889419
0.02695537
0.03091931
0.03590536
0.02892327
0.02892256
0.02892852
0.03188705
0.02791882
0.02789831
0.03000116
0.03194189
0.03693032
0.03091931
0.02795935
0.02593088
0.02592969
0.02689886
0.03587699
0.02992129
0.02892160
0.02992010
0.02795506
0.02792525
0.02695775
0.02792692
0.02689791
0.03587341
0.02994847
0.02892303
0.03191543
0.02889395
0.02895212
0.02889228
0.04687738
