0.01498747
0.04989457
0.04687357
0.07178426
0.04686189
0.04689860
0.04679012
0.04485226
0.04485226
0.04789686
0.04578924
0.04590130
0.04590607
0.04590321
0.04679203
0.04587626
0.04587722
0.04683924
0.04473019
0.04491162
0.04584765
0.04587793
0.04584336
0.04690051
0.04690433
0.04590487
0.04687524
0.04678798
0.04686069
0.04687500
0.04587770
0.04490876
0.04483819
0.04587770
0.04587746
0.04687500
0.04587340
0.04690003
0.04587412
0.04589963
0.05584908
0.04589128
0.04690528
0.04587340
0.04587412
0.04469681
0.04587340
0.04587340
0.04690242
0.04587340
0.04590464
0.04690051
0.04590797
0.04585385
0.04587221
0.04689288
0.04787254
0.04676008
0.04587746
0.04687548
0.04687047
0.04587817
0.04687119
0.04687095
0.04663348
0.04686975
0.04690695
0.04886961
0.04687047
0.04787278
0.04690242
0.04887056
0.04790688
0.04590726
0.04690218
0.04790139
0.04690480
0.04689813
0.04778528
0.04689956
0.04687858
0.04790592
0.04687667
0.04790020
0.04675961
0.04635692
0.04687476
0.04687428
0.04786801
0.04687047
0.04687500
0.04687142
0.04687548
0.04687142
0.04687500
0.04587770
0.04687548
0.04587793
0.04585028
0.04590464
0.04584932
0.04590631
0.04684687
0.04684615
0.04687500
0.04687357
0.04783702
0.04786825
0.04687023
0.04786777
0.04687023
0.04690289
0.04590416
0.04590225
0.04690504
0.04690361
0.04790258
0.04689932
0.04784346
0.04684305
0.04787230
0.04775786
0.04587698
0.04587746
0.04687500
0.04787207
0.04684711
0.04690194
0.04690456
0.04787159
0.04687548
0.04789591
0.04786849
0.04687119
0.04687476
0.04786825
0.04687500
0.04687071
0.04686999
0.04786515
0.04685283
0.04675603
0.04786777
0.04789519
0.04787064
0.04687023
0.04587364
0.04689837
0.04490376
0.04687500
0.04689813
0.04578757
0.04684639
0.04689932
0.04690194
0.04689193
0.04689908
0.04786825
0.04687309
0.04676437
0.04584289
0.04590178
0.04487348
0.04678535
0.04679847
0.04689050
0.04689813
0.04690289
0.04687119
0.04687023
0.04687500
0.04787207
0.04690027
0.04786825
0.04687119
0.04786825
0.04690289
0.04789591
0.04789257
0.04786873
0.04984641
0.04886889
0.04789996
0.04787540
0.04775548
0.04770947
0.04787230
0.04686975
0.05083489
0.04690266
0.04781747
0.04787278
0.04687476
0.04648829
0.04787135
0.04687476
0.04687452
0.04886556
0.04787207
0.04687500
0.04690289
0.04787230
0.04789591
0.04786825
0.04786730
0.04690003
0.04690361
0.04787111
0.04889178
0.04786944
0.04789448
0.04789567
0.04790592
0.04687548
0.04689908
0.04789615
0.04786801
0.04786825
0.04787207
0.04687047
0.04559708
0.04687190
0.04789877
0.04786873
0.04786825
0.04787230
0.04786849
0.04787254
0.04789543
0.04686737
0.04889274
0.04889512
0.04790115
0.04790068
0.04889774
0.04787111
0.04886413
0.04890203
0.04684401
0.04889798
0.04889727
0.04878497
0.04886699
0.04975581
0.04986191
0.04878521
0.04875302
0.04989624
0.04875827
0.04886842
0.04989719
0.04977965
0.04986119
0.04982758
0.04885602
0.04986453
0.04889584
0.04889727
0.04885030
0.04886889
0.04886961
0.04886961
0.05086398
0.04886532
0.04986382
0.05781007
0.04883981
0.04886961
0.04787230
0.04886556
0.04886889
0.04887033
0.04886532
0.04986644
0.04787207
0.04886985
0.04886532
0.04886556
0.04786801
0.04787207
0.04787254
0.08978987
0.04889727
0.04784346
0.04787207
0.04787302
0.04889345
0.04886985
0.04787254
0.04779291
0.04886961
0.04786777
0.04787207
0.04787230
0.04786801
0.04786825
0.04687119
0.04886556
0.04886580
0.04886580
