2.53921056
0.03293991
0.03288436
0.03188729
0.03191137
0.03390551
0.03288460
0.03589988
0.04186010
0.03291273
0.04787111
0.04086185
0.03191495
0.04188824
0.03391027
0.03388214
0.03290820
0.03289914
0.03293586
0.03290868
0.03291273
0.03291225
0.03291249
0.03291249
0.03188443
0.03191471
0.03291202
0.03191495
0.03191495
0.03193808
0.03188205
0.03293514
0.03193808
0.03293800
0.03289819
0.03293538
0.03285933
0.03279614
0.03293991
0.03286314
0.03293586
0.03255486
0.03291059
0.03293467
0.03290796
0.03280020
0.03293562
0.03279781
0.03279710
0.03290892
0.03290725
0.03290868
0.03290796
0.03193855
0.03194213
0.03279710
0.03290892
0.03290844
0.03490329
0.03291225
0.03291249
0.03191066
0.03194070
0.03191090
0.03294253
0.03191495
0.03391027
0.03191137
0.03191543
0.03191543
0.03290796
0.03390622
0.03290820
0.03380990
0.03390527
0.03378034
0.03290820
0.03290939
0.03290820
0.03390574
0.03391075
0.03390479
0.03290629
0.03390503
0.03390598
0.03789878
0.03789592
0.03889132
0.03892088
0.03793097
0.03792214
0.03789878
0.03787947
0.03789449
0.03792739
0.03878403
0.03790784
0.03789783
0.03892374
0.03892684
0.03892398
0.03889561
0.03792667
0.03785849
0.03776550
0.03891397
0.03880715
0.05184746
0.03989172
0.03881001
0.03989363
0.03889680
0.03886747
0.03792691
0.03892422
0.04888916
0.03889251
0.03891325
0.03792167
0.03892064
0.04277325
0.04288101
0.04387879
0.04277039
0.04288054
0.04291272
0.04385448
0.04288578
0.04388309
0.04387832
0.04390574
0.04390621
0.04282737
0.04388094
0.04478860
0.04391026
0.04490781
0.05376673
0.04379392
0.04387355
0.04388213
0.04883981
0.04391074
0.04388309
0.04379845
0.04391146
0.04887104
0.05284357
0.04581523
0.04490829
0.04883957
0.04578996
0.04488134
0.04463983
0.05385089
0.04379559
0.04391098
0.04390669
0.04487705
0.04388261
0.04587913
0.04476452
0.05385208
0.04387951
0.04490399
0.04490995
0.04566860
0.04687524
0.04391241
0.04578924
0.04490924
0.04584742
0.04587340
0.04488039
0.05482531
0.04590917
0.04687405
0.04573822
0.04579306
0.04476380
0.04587388
0.04590154
0.04479146
0.04585791
0.04578614
0.04576564
0.04690051
0.04690719
0.04590607
0.04683924
0.04690289
0.04690266
0.04586053
0.04689860
0.04587293
0.04689860
0.04690361
0.04587793
0.04587364
0.04687119
0.04706717
0.04687095
0.04590082
0.05174947
0.04690528
0.04587770
0.04590058
0.05177736
0.04578638
0.04690266
0.04687548
0.04689908
0.04676342
0.04587460
0.04590559
0.04589891
0.04587317
0.04590106
0.04583120
0.04587746
0.04488015
0.04587293
0.04590511
0.04587340
0.04590559
0.04487514
0.04986310
0.04487610
0.04587388
0.04587364
0.04587722
0.04489732
0.04587340
0.04590464
0.04590225
0.04476357
0.04490590
0.04587746
0.04587364
0.05288243
0.04687095
0.04587746
0.04490852
0.04578805
0.04476237
0.04590154
0.04488158
0.04487991
0.04584742
0.04587722
0.04590464
0.04671431
0.04690862
0.04590797
0.04587293
0.04578948
0.04675865
0.04589605
0.04587770
0.04587483
0.04487658
0.04587770
0.04587770
0.04576325
0.04575992
0.04587364
0.04587770
0.04487634
0.04590082
0.04691458
0.04587770
0.04454923
0.04587507
0.04587412
0.04587364
0.04477191
0.04584241
0.04590154
0.04488015
0.04487514
0.04487634
0.05474234
0.04587770
0.04587793
0.04587412
0.04487991
0.04487538
0.04488015
0.04587793
0.04587793
0.04587364
0.04487610
0.04587770
0.04487634
0.04587412
0.04590225
0.04587364
0.04587793
0.04590702
0.04481769
