0.00997305
0.02092528
0.01982856
0.04087806
0.01893234
0.01897311
0.01997232
0.01785898
0.01893067
0.02082682
0.01994300
0.03289771
0.02096796
0.01883101
0.04585791
0.01897669
0.01882863
0.01973343
0.01997614
0.02097130
0.01997566
0.02002335
0.01882601
0.01897407
0.02094364
0.01890707
0.02193737
0.01994252
0.01994634
0.02195930
0.02194262
0.01897931
0.01885915
0.01997447
0.01997614
0.02000284
0.04383993
0.02193713
0.02091694
0.02097178
0.01882863
0.01997018
0.01997519
0.01897311
0.02096868
0.02196503
0.02094531
0.02093720
0.02298117
0.01997709
0.03786373
0.02196550
0.01998091
0.01996756
0.02197027
0.02082348
0.02082872
0.01996756
0.02096510
0.04582095
0.02094316
0.01895094
0.02190089
0.02094579
0.02990961
0.01994634
0.01986194
0.01997852
0.03385568
0.01994228
0.02395940
0.02296591
0.02194047
0.02185702
0.01994777
0.01994252
0.01994324
0.02296638
0.02493453
0.02396417
0.02396560
0.02496386
0.02595520
0.02590227
0.02590299
0.02496290
0.02490568
0.02496290
0.02490592
0.02395964
0.01994705
0.01994228
0.02194142
0.02191472
0.02194190
0.02196813
0.02097297
0.02194214
0.02097154
0.01996946
0.02093196
0.01998115
0.02296257
0.02194118
0.02296615
0.02192569
0.02097225
0.02000022
0.01982903
0.01994205
0.02093267
0.01993132
0.02284551
0.02293491
0.02097440
0.02296615
0.02202249
0.01994252
0.01994252
0.01994252
0.04087639
0.03189230
0.02196860
0.03590012
0.03989625
0.02194142
0.01997018
0.02093935
0.01994276
0.01997423
0.02091408
0.01994896
0.02284908
0.02194095
0.02097106
0.02178311
0.02194285
0.02086020
0.02097225
0.02081633
0.01992607
0.02006197
0.02185178
0.02282000
0.02196884
0.02593088
0.04285097
0.02794838
0.02692842
0.02397346
0.02590370
0.02695775
0.02692795
0.02792525
0.02590227
0.02595592
0.02590466
0.01994681
0.01991796
0.01997471
0.01997542
0.02096891
0.02185035
0.02194118
0.02094388
0.02196693
0.02197123
0.01997542
0.01985526
0.02194118
0.01994729
0.01997137
0.02193666
0.02196932
0.02185178
0.02194142
0.02097368
0.01982522
0.02197123
0.02097106
0.03390527
0.02995300
0.01982594
0.03189087
0.02091479
0.01985621
0.01993942
0.02284813
0.02396464
0.02094388
0.02193093
0.02197361
0.01992130
0.01991916
0.01994681
0.02194285
0.02191281
0.02097964
0.02194118
0.02196503
0.02298117
0.02091646
0.01994658
0.02097178
0.01996899
0.04284286
0.02391911
0.02102280
0.02194285
0.02193713
0.02198720
0.01984978
0.04585552
0.03587580
0.02396512
0.02593160
0.02683854
0.02692294
0.02596235
0.02692819
0.02695680
0.02593017
0.02393556
0.01994658
0.01991200
0.02005410
0.02185082
0.03689122
0.02192450
0.02184844
0.01997089
0.01997662
0.02097249
0.01994824
0.01997018
0.02184796
0.02296782
0.03286934
0.02096844
0.02094388
0.01956606
0.01997805
0.01997399
0.02393746
0.02196479
0.02298498
0.03289962
0.01992631
0.02095938
0.02097058
0.01985669
0.02393937
0.02196908
0.02182293
0.02294111
0.02097321
0.01993346
0.02185965
0.02097392
0.02170014
0.03490567
0.02193761
0.02197123
0.01994658
0.04088449
0.01994276
0.02096987
0.02393818
0.02193761
0.02196956
0.02182341
0.02192903
0.02194118
0.01994658
0.01997423
0.02095556
0.01997638
0.02384233
0.03390908
0.02895331
0.02593184
0.02695465
0.02692986
0.02595973
0.02393365
0.02496338
0.02390814
0.02393603
0.03291202
0.02795267
0.02891994
0.02493048
0.02493429
0.02593207
0.02593064
0.02393603
0.02194118
0.01991916
0.02271080
0.02396488
