0.01099730
0.03191471
0.02584028
0.02679181
0.02097607
0.02094603
0.02494502
0.02293873
0.02191353
0.02194118
0.02194095
0.02296615
0.02094412
0.02097178
0.02094245
0.02296782
0.02101207
0.02396083
0.02384305
0.02297235
0.02194262
0.02194118
0.02293921
0.02094388
0.02091670
0.02097225
0.02097273
0.02094579
0.02196741
0.02296686
0.03390765
0.02096820
0.02197552
0.02094340
0.02094603
0.02093530
0.02191448
0.02194118
0.02293134
0.02293849
0.02194285
0.02197242
0.02293921
0.02094793
0.02197051
0.02097464
0.03291488
0.03089213
0.02496266
0.02396560
0.02194214
0.02197838
0.02094412
0.02094412
0.02094364
0.01997685
0.02094316
0.02297163
0.02291155
0.02294111
0.02792740
0.02792430
0.02692151
0.02692795
0.02694774
0.02593970
0.02496266
0.02496481
0.02496934
0.03291059
0.02894998
0.02792501
0.02695513
0.02692795
0.02692795
0.02696013
0.02593064
0.02496243
0.02093196
0.02493501
0.02396512
0.02397442
0.02293849
0.02094483
0.02147746
0.02093959
0.02194333
0.02193952
0.02196622
0.02296543
0.02493548
0.02390456
0.02293897
0.02193880
0.02097440
0.02091503
0.02097487
0.02194166
0.02490544
0.02393961
0.02393532
0.02293897
0.02293944
0.02294016
0.02091622
0.02194047
0.02191353
0.02094340
0.02290297
0.02094674
0.02493525
0.02396321
0.02396989
0.02395058
0.02294016
0.02290726
0.02091503
0.02197075
0.02094412
0.02194524
0.02291107
0.02094412
0.02291131
0.02293348
0.02396703
0.02297020
0.02185130
0.02296567
0.02194357
0.02291489
0.02196884
0.02293992
0.02293706
0.02393746
0.02393126
0.02695704
0.02692962
0.02695942
0.02792692
0.02593184
0.02493334
0.02493405
0.03390980
0.02893043
0.02695489
0.02683663
0.02683973
0.02191210
0.02190757
0.02196860
0.02182055
0.02091575
0.02393579
0.02393556
0.02390695
0.02293801
0.02393508
0.02393675
0.02191377
0.02191091
0.02196884
0.02293849
0.02097321
0.02496219
0.02390528
0.02393675
0.02493167
0.02296805
0.02291059
0.02194142
0.02392340
0.02194285
0.02194118
0.02195287
0.02091694
0.02590275
0.02390695
0.02296901
0.02387047
0.02294087
0.02390766
0.02194571
0.02191424
0.02282190
0.02181435
0.02396584
0.02296782
0.03490496
0.02395940
0.02194214
0.02197647
0.02193880
0.02196884
0.02194571
0.02196980
0.02196193
0.02692747
0.02490568
0.02496052
0.02398324
0.02296257
0.04085565
0.02196598
0.02596045
0.02680945
0.03689647
0.02889442
0.02991986
0.08374786
0.02692747
0.02683425
0.02591848
0.02695465
0.02792215
0.02991700
0.02891922
0.02889323
0.02695513
0.02194571
0.02293777
0.02296829
0.02396297
0.02191257
0.02196884
0.02493310
0.02496052
0.02381802
0.02497911
0.02396131
0.02493501
0.02194476
0.02193642
0.02194548
0.02296591
0.02182317
0.02296209
0.02593088
0.02345681
0.02481604
0.02593064
0.02393627
0.02197385
0.02193880
0.02293730
0.02293324
0.02197051
0.02289605
0.02496290
0.02496076
0.02391577
0.02284622
0.02496076
0.02191329
0.02293897
0.02296972
0.02293873
0.02294064
0.02194118
0.02391148
0.02393627
0.02496314
0.02381659
0.02197003
0.02293825
0.02191424
0.02297497
0.02396488
0.02196884
0.03288722
0.02396560
0.02293801
0.02693009
0.02396607
0.04185867
0.02890420
0.02780628
0.02690840
0.02584100
0.02692819
0.02789712
0.02992034
0.03188658
0.02692771
0.02789760
0.02792549
0.02888775
0.02695560
0.02593064
0.02595949
0.02590036
0.02795649
0.02989173
0.02792525
0.02792573
0.02792692
0.02792621
0.02792597
0.02692699
0.02592921
0.02193999
