5.44061828
0.02194071
0.01496005
0.01496077
0.01495957
0.01496029
0.01595736
0.01595712
0.01599455
0.01495934
0.01895118
0.01795316
0.01692581
0.01592875
0.01595712
0.01495957
0.01495957
0.01498842
0.01396275
0.01495981
0.01499081
0.02393699
0.01498771
0.01495767
0.01498795
0.01496077
0.01399279
0.01496100
0.01595902
0.01399112
0.01498795
0.01495981
0.01495910
0.01895046
0.01795173
0.01798177
0.01897860
0.01997566
0.01997566
0.01998138
0.01798201
0.01795173
0.01795197
0.01798081
0.01798105
0.01897836
0.02194118
0.01894903
0.01894855
0.01994658
0.01795220
0.01795197
0.01795244
0.02094293
0.01894879
0.01795197
0.01994658
0.01894951
0.02094388
0.01994610
0.01894927
0.01894879
0.01894832
0.01897836
0.01798058
0.01896048
0.01997662
0.02097821
0.02093434
0.01994896
0.01994944
0.01897216
0.01894665
0.01895618
0.01894975
0.01897740
0.01897836
0.01994896
0.02097368
0.01993012
0.01997566
0.01895094
0.01894975
0.01895046
0.01897717
0.01897693
0.02091503
0.02090764
0.02091122
0.02091503
0.02094316
0.01994610
0.01994634
0.01994085
0.01990533
0.01891828
0.02293777
0.02191043
0.02194071
0.02090383
0.02194047
0.02091312
0.01994610
0.01994634
0.01994634
0.01991773
0.01994562
0.01998138
0.02196169
0.02194118
0.02094436
0.01994705
0.01994705
0.01994634
0.01994729
0.02293897
0.02194142
0.02194166
0.02094388
0.02393627
0.01994586
0.02094412
0.02094555
0.01994658
0.02196717
0.02194118
0.02293873
0.02194095
0.02490520
0.02493334
0.02493358
0.02393627
0.02393699
0.02593160
0.01991844
0.02393579
0.02194095
0.02293849
0.02194214
0.02194071
0.02094316
0.01994514
0.02194142
0.01994634
0.02094412
0.02393627
0.02293825
0.02293873
0.02293921
0.02194118
0.02094388
0.02094436
0.01994634
0.01994681
0.01994705
0.01994681
0.02296305
0.02593064
0.02293849
0.02194118
0.02194142
0.01994658
0.01994658
0.01994634
0.02094412
0.02094364
0.02293825
0.02194190
0.02194118
0.02293873
0.02293849
0.02194142
0.02094412
0.01989269
0.02094436
0.02094388
0.02194118
0.01994586
0.02393627
0.02293897
0.02293825
0.02191401
0.03095341
0.02094436
0.02081585
0.02194166
0.01994681
0.02293873
0.03390884
0.02194071
0.02593040
0.02493358
0.02393603
0.02493453
0.02393866
0.02695298
0.02496028
0.03390956
0.02593040
0.02593064
0.02593064
0.02692795
0.02493334
0.02393532
0.02397370
0.02892351
0.02593040
0.02493334
0.02593040
0.02393603
0.02593017
0.02393556
0.02792549
0.02792525
0.02496123
0.02792501
0.02393627
0.02593112
0.02493358
0.02393603
0.03590441
0.02792549
0.02493358
0.02692819
0.02395916
0.02695608
0.02396393
0.02393866
0.02393675
0.02494168
0.03590536
0.02595997
0.02493143
0.02593589
0.02595878
0.02593350
0.02493119
0.02393603
0.02395129
0.03291368
0.02690053
0.02397466
0.02795410
0.02396441
0.02396321
0.02396417
0.02396345
0.03091526
0.02595878
0.02095127
0.02193856
0.01994944
0.02094364
0.01992846
0.02194166
0.02092528
0.02093983
0.02193975
0.02294111
0.02296138
0.02393389
0.02293611
0.02094173
0.02094173
0.02095079
0.02094340
0.02396345
0.02293944
0.02293873
0.02194166
0.02194047
0.02293730
0.02094483
0.02196884
0.02094364
0.02094603
0.01997614
0.02094364
0.02294111
0.02296662
0.02194166
0.02194214
0.02094316
0.02094150
0.01997447
0.02094173
0.01997185
0.02293897
0.02293611
0.02279449
0.01994634
0.02193928
0.02094388
0.02094460
0.01997447
0.02094364
0.02194142
0.02293825
0.02250886
0.02393603
