0.01097083
0.03694534
0.02789760
0.02892303
0.02789855
0.02693129
0.02692842
0.02593064
0.03560948
0.02895188
0.02994776
0.02892137
0.02196932
0.02194214
0.02185631
0.02291131
0.02296615
0.02191257
0.02293682
0.02291036
0.02396369
0.03488064
0.02692842
0.02396417
0.03987670
0.02185249
0.02184987
0.02493286
0.02393246
0.02296853
0.02496028
0.02381492
0.02396321
0.02191329
0.03191400
0.02192473
0.02393556
0.02194190
0.02191377
0.02296734
0.02297044
0.02393341
0.02296901
0.02393675
0.02393579
0.02194476
0.02191377
0.02294707
0.02191377
0.02196932
0.02493119
0.02294040
0.02293801
0.02296782
0.02294111
0.02293873
0.02194285
0.02197146
0.02192783
0.02293921
0.02194166
0.02393651
0.02393603
0.02396321
0.02393746
0.02296638
0.02396560
0.02892303
0.02792573
0.02792597
0.02695727
0.02593064
0.02596116
0.02593088
0.02792573
0.02848411
0.02892232
0.02992082
0.02590251
0.02692938
0.02780843
0.02591801
0.02595973
0.02593350
0.03483796
0.02490354
0.02493382
0.02392578
0.02396441
0.02197027
0.02197099
0.02296329
0.02194118
0.02194095
0.02593064
0.02493334
0.02396417
0.02496338
0.02393603
0.02393007
0.02198219
0.02197266
0.02194118
0.02396464
0.02293825
0.02196956
0.02393579
0.02493978
0.02393603
0.02390838
0.02393556
0.02292800
0.02296758
0.02194095
0.02194095
0.02293777
0.02196455
0.02590251
0.02396274
0.02490568
0.02495742
0.02493453
0.02396393
0.02194977
0.02194118
0.02293897
0.02296615
0.02293849
0.02194142
0.02393579
0.02393532
0.02496195
0.02390671
0.02390790
0.02490425
0.02493310
0.02291131
0.02293873
0.02293682
0.02194238
0.02184010
0.02889252
0.02992082
0.02692246
0.03091812
0.02695751
0.02892208
0.02992129
0.02692866
0.02690029
0.02995229
0.02991843
0.02690029
0.02892971
0.02792621
0.02892232
0.02892303
0.02695823
0.03091693
0.03088784
0.02900362
0.02982736
0.02695918
0.03094649
0.03687668
0.02794957
0.02900100
0.03590584
0.02994776
0.02692914
0.02783322
0.02894568
0.02894378
0.02692747
0.02593088
0.03095007
0.03093481
0.02692842
0.02892041
0.02792645
0.02692294
0.02792549
0.02593040
0.02590275
0.02892280
0.02390051
0.02393603
0.02393532
0.02393961
0.02294087
0.02294540
0.02194118
0.02296662
0.02294111
0.02294016
0.02384520
0.02452421
0.02396584
0.02393603
0.02493358
0.02394605
0.02294016
0.02294111
0.02396297
0.02595878
0.02381539
0.02597260
0.02393556
0.02493620
0.02294111
0.02296948
0.02294064
0.02297997
0.02284431
0.02296329
0.02396464
0.02396607
0.02493334
0.02595854
0.02390409
0.02296901
0.02192688
0.02293873
0.02393293
0.02294040
0.02293491
0.02595258
0.02695537
0.02492952
0.02496123
0.02496076
0.02390909
0.02396345
0.02393651
0.02289057
0.03486729
0.03689122
0.02593303
0.02695537
0.02683735
0.02884746
0.03186059
0.02792525
0.02992654
0.02792406
0.03293991
0.02988720
0.03188729
0.02690029
0.02994704
0.02990484
0.02783060
0.02692986
0.02789640
0.02895784
0.02889466
0.02894998
0.02892399
0.03091764
0.02792501
0.02895308
0.02891469
0.02690077
0.02696276
0.02795243
0.02991962
0.02892518
0.02993536
0.02789521
0.02895021
0.02689767
0.02692842
0.02796173
0.02992153
0.02892256
0.03091884
0.02692795
0.02796173
0.02890825
0.02883291
0.02792764
0.02892208
0.02692819
0.02692723
0.03590369
0.03095365
0.02393389
0.02492642
0.02399683
0.02294135
0.02390838
0.02293992
0.02490640
0.02596045
0.02695823
0.02496505
0.02592993
0.02397084
0.02390766
0.02387047
