0.00997353
0.03188205
0.02592683
0.02792501
0.02695775
0.02882385
0.02595758
0.03390932
0.02892399
0.03390932
0.02792501
0.02692890
0.02094245
0.02142167
0.02094364
0.01994634
0.01997805
0.02194214
0.02191424
0.02197051
0.02191448
0.02196884
0.02191138
0.02071834
0.01991916
0.01997471
0.02094412
0.01994896
0.01994491
0.02291203
0.02293873
0.02296782
0.02194095
0.02194118
0.02193809
0.02196884
0.01992202
0.02094579
0.01994681
0.02091146
0.02194142
0.02296758
0.02286506
0.03586078
0.02296424
0.02096248
0.02094007
0.02097535
0.02295947
0.02381849
0.02293348
0.02197862
0.02293801
0.02194166
0.02293873
0.02097011
0.02095246
0.02197528
0.02094460
0.02094436
0.02295446
0.02296615
0.02293158
0.02202368
0.02093935
0.02075601
0.02094412
0.02194142
0.02493334
0.03390908
0.02692842
0.02692819
0.03495169
0.02689910
0.02692890
0.02592993
0.02493858
0.02490568
0.02493358
0.03390956
0.02789783
0.02692986
0.02681065
0.02694082
0.02695847
0.02592921
0.02095103
0.02197862
0.02191377
0.02093959
0.02094364
0.02293897
0.02293849
0.02296615
0.02284312
0.02291870
0.02082705
0.02096891
0.02094603
0.02093625
0.02481604
0.02396274
0.02493453
0.02297163
0.02293944
0.02097368
0.02094126
0.02097178
0.02094173
0.02296638
0.02097678
0.02096725
0.02296877
0.02296901
0.02194118
0.02293992
0.02197146
0.02094412
0.02082372
0.02094007
0.02194118
0.02094007
0.02093983
0.02097106
0.02284312
0.02296662
0.02285361
0.02193427
0.03189015
0.03491926
0.02197051
0.02085519
0.02144814
0.03388071
0.02296185
0.02284765
0.02592444
0.02097964
0.02195835
0.02097368
0.02086115
0.02596736
0.03481364
0.02794838
0.02795482
0.02895093
0.02593279
0.02695918
0.02692866
0.02695584
0.02492547
0.02593040
0.02493334
0.02393603
0.03388071
0.02795506
0.02690101
0.02795029
0.02296686
0.02194500
0.02094483
0.02097249
0.02182388
0.02096748
0.02094412
0.03389621
0.02493286
0.02192473
0.02396369
0.02185130
0.02493763
0.02097368
0.02284622
0.02093077
0.02484035
0.02284551
0.02281475
0.02393556
0.02191424
0.02094412
0.02094507
0.02093458
0.02191377
0.02094889
0.02396488
0.02296376
0.02397108
0.02296734
0.02194118
0.02293873
0.02791071
0.02097344
0.02194095
0.02091742
0.02094364
0.02293825
0.02294040
0.02293587
0.02296615
0.02295303
0.02091646
0.02094364
0.02091670
0.02294111
0.02093673
0.02094340
0.02294016
0.02294445
0.02199221
0.02292466
0.02990746
0.02097535
0.02094340
0.02294040
0.02493167
0.02594447
0.02695513
0.02692795
0.02892327
0.02692771
0.02595830
0.02789760
0.02692795
0.02593112
0.02589893
0.02490830
0.02593040
0.03490663
0.02895236
0.02595973
0.02689695
0.02671552
0.02692866
0.02795672
0.02493620
0.02493477
0.02690053
0.02894902
0.02889585
0.02789855
0.02693033
0.02693295
0.02692866
0.02493477
0.02390838
0.02091885
0.02098131
0.02294087
0.02296615
0.02296877
0.02296925
0.02295041
0.03486586
0.02097416
0.02194238
0.02197385
0.02094412
0.02293921
0.02293873
0.02296519
0.02284598
0.02097297
0.02086020
0.02194118
0.02093077
0.02496624
0.02281857
0.02293849
0.03188729
0.02091527
0.02095819
0.02097392
0.02081442
0.02077436
0.02094436
0.02396560
0.02296591
0.02293992
0.02282095
0.02096820
0.02097201
0.02094555
0.02094483
0.02093673
0.02094626
0.02496076
0.02496409
0.02289701
0.02293634
0.02294302
0.02182364
0.02193689
0.02196693
0.02292204
0.02184820
0.02296281
0.02493429
0.02197480
0.02396679
0.02297616
