0.01097083
0.02593017
0.02194333
0.02191448
0.02096677
0.02095008
0.01994252
0.02194190
0.02093959
0.01994252
0.02292013
0.02305579
0.02191281
0.02094388
0.01997757
0.01994610
0.02094412
0.02094340
0.01994276
0.02381825
0.02293873
0.02194166
0.02194095
0.02147174
0.02196908
0.02094412
0.02099919
0.01991916
0.01997495
0.01994848
0.02397037
0.02194190
0.02196980
0.02194405
0.02197003
0.01994801
0.01994681
0.01994681
0.02094746
0.01994538
0.02194118
0.02398396
0.02195168
0.02196503
0.02296591
0.02191210
0.02094388
0.02298427
0.01997638
0.02094316
0.01997423
0.01986074
0.02592707
0.02693224
0.02695704
0.02593231
0.02693009
0.02689910
0.02593064
0.02596045
0.02490520
0.02492952
0.02393723
0.02792597
0.02596045
0.02693343
0.02758312
0.02689981
0.02595925
0.02596021
0.02590299
0.02094936
0.02091098
0.02194118
0.01994729
0.03091264
0.02193737
0.02251959
0.02595830
0.05984211
0.02094579
0.02094102
0.01997614
0.02097225
0.02197027
0.02194405
0.02291059
0.02194166
0.02091384
0.02093816
0.02094388
0.02079105
0.03089476
0.02196884
0.02294111
0.02193832
0.02085042
0.02197599
0.01991916
0.01997471
0.02097535
0.02291036
0.02192879
0.02184796
0.02184868
0.02093172
0.02082729
0.02094030
0.02094078
0.01994634
0.02185082
0.02292705
0.02194023
0.03090954
0.02082634
0.03285980
0.02094507
0.02094483
0.02094436
0.01994371
0.02197003
0.02192998
0.02196980
0.02194190
0.02194834
0.02689457
0.02673745
0.02592993
0.02593160
0.02491426
0.02592754
0.02394366
0.02493405
0.02590275
0.02792573
0.02593040
0.02593064
0.02593088
0.02593088
0.02593064
0.02593064
0.02393603
0.02594304
0.02393603
0.02795148
0.03291368
0.02792573
0.02692747
0.02595997
0.02390790
0.02094603
0.02097273
0.02991581
0.02090788
0.02191353
0.02493429
0.02290988
0.02293897
0.02194047
0.02094412
0.02085471
0.02194190
0.03090930
0.02986884
0.02481413
0.02294898
0.02294922
0.02267289
0.02193117
0.02094436
0.02094507
0.02096653
0.02194047
0.02097225
0.02091622
0.02393746
0.02290916
0.02196860
0.02191424
0.02296615
0.02293873
0.02097726
0.02096343
0.01997423
0.02191353
0.02094460
0.02191401
0.02991962
0.02290726
0.02197123
0.02296567
0.02095032
0.02085209
0.02097178
0.01985645
0.02286148
0.02301598
0.02185035
0.02787137
0.02194118
0.02094793
0.02093840
0.02085996
0.02094412
0.02197075
0.02994943
0.02695775
0.02680588
0.02994347
0.02796745
0.02593112
0.02496219
0.02595806
0.02393508
0.02892208
0.02690029
0.02795315
0.02692866
0.02892327
0.02593040
0.02792549
0.02692842
0.02593040
0.02194190
0.02097607
0.01994681
0.02396417
0.02293801
0.02194095
0.02194285
0.02296662
0.02082419
0.02094388
0.02094245
0.01997590
0.01997828
0.02094007
0.02192736
0.02296638
0.02294040
0.02194095
0.02093053
0.02097201
0.02094507
0.01997805
0.02198792
0.02592564
0.02297068
0.02155828
0.02194214
0.02085423
0.02085400
0.02085567
0.02085805
0.02182651
0.03189135
0.02295566
0.02185059
0.02082300
0.02092242
0.02092957
0.02097321
0.02094412
0.02392197
0.02293372
0.04084873
0.02297091
0.02184844
0.02086186
0.02085495
0.02086186
0.02082372
0.02094030
0.02196813
0.02990437
0.02296638
0.02293611
0.02293849
0.02692389
0.02695680
0.02493453
0.02692795
0.02496409
0.02490616
0.02690768
0.02894974
0.03391218
0.02692771
0.02692652
0.02689791
0.02194262
0.02094388
0.02093792
0.02066493
0.02381682
0.02392268
0.02396393
0.02292609
0.03188610
0.03187871
