88.000,34.000,9.000,9.000
88.053,34.067,9.053,8.975
87.764,33.823,9.357,9.252
87.705,33.813,9.580,9.421
87.641,33.632,9.713,9.567
87.572,33.530,9.717,9.622
87.537,33.145,9.769,9.662
87.386,32.799,9.797,9.664
87.171,32.502,9.840,9.553
87.110,32.691,9.839,9.504
85.705,32.594,9.925,9.557
85.787,32.357,9.899,9.555
85.779,32.102,9.880,9.577
85.742,31.754,9.894,9.556
86.267,31.971,9.913,9.658
86.595,32.075,9.906,9.730
87.126,33.569,9.825,9.673
88.724,33.558,9.832,9.666
89.108,34.687,9.800,9.671
90.581,34.398,9.870,9.793
90.873,34.066,9.905,9.802
91.179,33.949,9.940,9.770
91.475,33.683,9.997,9.738
91.699,33.476,9.997,9.778
91.908,33.465,9.910,9.745
91.980,33.497,9.947,9.712
91.961,33.355,9.929,9.721
91.871,33.102,9.918,9.761
91.735,32.742,9.955,9.721
91.513,32.688,9.906,9.670
91.525,33.999,9.966,9.746
91.466,34.193,9.926,9.675
91.391,34.431,9.872,9.605
91.312,34.567,9.842,9.528
91.207,34.399,9.831,9.543
90.079,34.125,9.870,9.584
90.034,33.943,9.887,9.580
88.780,33.693,9.874,9.567
88.835,33.642,9.913,9.680
88.963,33.423,9.935,9.736
89.183,33.570,9.866,9.740
87.950,33.462,9.996,9.787
88.029,33.448,9.947,9.766
88.019,33.176,9.913,9.774
88.022,32.965,9.885,9.761
86.743,32.765,9.871,9.735
86.818,32.931,9.811,9.691
86.783,32.948,9.836,9.717
86.743,32.978,9.831,9.732
86.680,32.941,9.841,9.730
86.726,32.908,9.814,9.746
86.725,32.913,9.795,9.772
85.689,32.926,9.813,9.777
85.579,32.903,9.837,9.725
85.519,32.774,9.828,9.720
85.563,32.430,9.863,9.726
85.681,32.388,9.876,9.727
85.618,32.368,9.880,9.744
85.646,32.402,9.825,9.745
85.609,32.428,9.779,9.732
85.426,32.448,9.768,9.652
85.482,32.413,9.770,9.682
85.497,33.702,9.750,9.618
85.332,33.563,9.913,9.734
85.195,33.519,9.994,9.754
85.466,33.539,9.902,9.664
85.697,33.635,9.914,9.633
85.747,33.492,10.023,9.744
85.937,33.290,10.031,9.723
85.990,33.028,9.970,9.673
85.895,32.653,9.930,9.598
86.012,32.753,9.990,9.608
86.252,32.557,10.038,9.708
86.518,32.337,10.058,9.835
86.717,32.240,9.962,9.796
88.003,31.976,9.922,9.752
86.942,32.039,9.958,9.753
87.011,31.880,9.899,9.704
87.084,33.163,9.901,9.755
87.432,33.354,9.886,9.822
87.770,33.482,9.931,9.781
88.137,33.532,9.913,9.701
88.431,33.677,9.885,9.643
88.488,33.589,10.014,9.727
88.633,33.325,10.073,9.815
88.458,33.086,10.064,9.756
88.457,32.782,10.025,9.716
88.403,32.393,9.984,9.602
88.534,32.357,9.960,9.567
88.555,32.131,9.984,9.563
88.357,31.860,9.969,9.574
88.046,31.621,9.944,9.494
88.032,31.633,9.902,9.486
88.000,31.513,9.965,9.470
87.990,32.805,9.925,9.555
87.970,32.893,9.884,9.563
87.955,32.885,9.861,9.662
86.789,32.933,9.864,9.608
86.802,33.075,9.837,9.596
86.791,33.150,9.855,9.675
86.714,32.969,9.859,9.635
86.740,32.704,9.860,9.674
87.010,32.590,9.950,9.697
87.444,32.414,10.029,9.733
87.828,32.573,9.979,9.633
87.950,32.551,9.951,9.725
87.962,32.246,9.971,9.693
88.070,31.918,9.991,9.650
89.674,33.177,9.933,9.542
90.008,32.966,9.918,9.556
90.174,32.846,9.903,9.611
90.192,32.657,9.890,9.649
90.230,32.617,9.920,9.709
90.194,32.584,9.969,9.819
90.135,32.528,9.991,9.905
88.820,32.521,10.024,9.972
88.790,32.540,10.042,10.040
88.754,32.518,10.047,10.097
88.767,32.492,10.069,10.144
88.725,32.475,10.092,10.177
88.714,32.489,10.117,10.202
88.727,32.478,10.130,10.227
88.715,32.451,10.137,10.251
88.748,32.450,10.153,10.272
88.756,32.447,10.159,10.291
88.796,32.484,10.166,10.294
88.807,32.455,10.170,10.304
88.815,32.404,10.165,10.316
90.126,32.425,10.173,10.322
90.112,32.384,10.171,10.337
90.104,32.386,10.168,10.336
90.111,33.682,10.165,10.343
88.728,34.928,10.170,10.343
88.578,34.783,10.156,10.371
84.474,34.720,10.211,10.422
83.045,34.568,10.231,10.411
82.964,34.503,10.200,10.345
83.026,34.363,10.209,10.281
83.011,34.426,10.198,10.217
82.930,34.426,10.149,10.179
81.793,31.713,10.157,10.207
81.949,30.507,10.199,10.150
84.725,30.430,10.228,10.100
83.459,26.504,10.221,10.162
83.603,26.450,10.212,10.169
83.845,26.397,10.224,10.185
85.162,26.381,10.223,10.192
86.558,25.165,10.220,10.217
84.041,26.626,10.224,10.235
84.335,29.317,10.249,10.169
84.498,27.933,10.251,10.145
87.280,26.771,10.235,10.093
88.744,28.221,10.267,10.104
86.254,28.334,10.251,10.072
83.831,29.693,10.261,10.083
83.888,29.829,10.265,10.155
85.278,29.938,10.249,10.209
85.346,30.177,10.241,10.267
85.456,30.404,10.223,10.324
85.730,30.529,10.247,10.310
85.899,30.713,10.219,10.326
86.067,30.732,10.292,10.362
83.496,32.108,10.289,10.367
80.747,32.101,10.268,10.261
81.159,33.735,10.239,10.211
81.271,35.231,10.194,10.131
81.310,35.232,10.121,10.103
81.412,34.121,10.114,10.126
81.672,34.085,10.115,10.177
81.999,34.080,10.167,10.194
83.719,35.401,10.154,10.197
85.456,35.568,10.205,10.112
86.779,34.128,10.259,10.054
85.491,33.981,10.283,10.002
85.474,35.126,10.237,9.891
85.459,35.063,10.215,9.809
85.499,34.898,10.229,9.787
85.550,34.695,10.287,9.819
85.739,34.676,10.200,9.922
85.930,34.688,10.206,9.965
86.122,34.706,10.211,9.998
86.402,34.881,10.206,10.025
86.656,34.996,10.142,10.041
86.911,34.981,10.049,9.879
87.275,36.125,10.072,9.864
87.394,37.249,10.046,9.874
87.642,35.970,9.998,9.874
87.721,35.847,9.963,9.867
86.589,35.754,9.972,9.907
86.734,35.665,9.970,9.973
87.084,36.871,9.977,10.072
87.266,37.088,9.979,10.085
87.357,38.493,10.034,10.048
87.563,38.505,10.145,10.096
87.733,38.471,10.252,10.123
87.899,38.422,10.252,10.154
86.738,38.363,10.280,10.202
86.935,38.399,10.323,10.252
87.111,38.386,10.365,10.258
87.245,38.527,10.392,10.272
88.808,38.598,10.358,10.326
89.012,38.411,10.379,10.273
89.167,37.211,10.293,10.226
88.042,36.057,10.242,10.192
88.266,36.199,10.263,10.205
88.541,36.330,10.284,10.165
87.525,37.690,10.230,10.215
87.638,37.788,10.202,10.240
87.586,37.972,10.133,10.231
87.795,38.163,10.116,10.143
87.844,37.098,10.111,10.117
88.023,37.321,10.038,10.021
88.182,37.497,9.980,9.969
88.231,37.598,10.027,10.046
88.419,37.650,10.111,10.073
89.941,39.153,10.173,10.112
91.446,39.331,10.186,10.154
91.654,39.300,10.131,10.202
91.672,39.372,10.181,10.135
91.896,39.519,10.180,10.178
91.999,39.769,10.167,10.197
92.103,39.926,10.168,10.220
92.244,40.237,10.171,10.195
93.837,41.330,10.080,10.272
94.006,42.747,10.118,10.278
94.196,44.198,10.130,10.325
93.051,44.111,10.198,10.293
91.909,43.995,10.232,10.279
92.157,43.928,10.268,10.295
90.947,43.987,10.345,10.373
91.070,44.095,10.407,10.423
91.233,44.081,10.483,10.443
91.404,44.153,10.536,10.417
90.258,44.162,10.608,10.426
90.414,44.143,10.636,10.422
90.662,44.160,10.647,10.398
90.927,44.196,10.675,10.384
91.188,44.096,10.756,10.446
92.829,44.255,10.826,10.475
93.077,45.398,10.837,10.534
94.900,45.743,10.790,10.653
95.271,45.814,10.761,10.704
95.596,45.903,10.747,10.711
95.761,46.087,10.732,10.663
94.564,47.371,10.753,10.660
94.837,47.210,10.794,10.689
94.927,47.038,10.762,10.686
93.888,46.759,10.687,10.756
94.070,46.486,10.657,10.755
94.306,46.656,10.672,10.707
94.603,46.771,10.606,10.593
93.600,46.838,10.568,10.585
93.893,46.932,10.509,10.527
94.234,47.065,10.481,10.496
95.686,44.551,10.469,10.472
95.772,44.736,10.468,10.450
94.774,46.446,10.457,10.457
95.072,48.049,10.451,10.408
95.303,48.457,10.392,10.415
94.377,48.374,10.317,10.489
94.638,48.265,10.226,10.545
94.975,48.362,10.073,10.556
95.216,48.473,9.974,10.534
95.400,48.529,9.903,10.523
95.466,48.508,9.918,10.485
95.500,49.639,9.975,10.463
95.171,49.384,10.071,10.373
95.150,49.190,10.111,10.338
95.356,49.087,10.193,10.266
95.525,48.987,10.263,10.245
94.527,47.739,10.233,10.227
96.186,47.963,10.252,10.193
95.302,49.090,10.167,10.316
95.589,49.109,10.215,10.297
95.864,49.252,10.232,10.287
96.230,49.270,10.232,10.309
96.427,49.445,10.240,10.249
96.715,48.366,10.219,10.235
96.932,48.611,10.235,10.222
95.896,48.793,10.249,10.220
96.143,48.926,10.244,10.203
96.415,47.829,10.225,10.236
96.762,48.064,10.226,10.276
97.040,48.253,10.227,10.306
96.110,48.431,10.254,10.284
96.490,48.590,10.250,10.270
95.215,49.898,10.280,10.264
95.390,51.399,10.377,10.314
96.914,52.832,10.397,10.324
97.159,52.878,10.465,10.354
97.420,52.951,10.536,10.388
97.700,53.071,10.589,10.377
97.997,53.209,10.639,10.348
98.299,53.337,10.649,10.348
97.144,53.319,10.759,10.387
98.831,52.100,10.772,10.384
99.118,52.211,10.780,10.434
98.032,52.361,10.848,10.484
98.318,52.455,10.882,10.483
98.609,52.600,10.902,10.529
